0.65482 0.000102118 0.755798
0.341345 0.000102118 0.939944
0.672949 0.397956 0.739693
0.612534 0.679387 0.759057
2.11679e-05 8.60626e-05 1
0.778943 0.645455 0.0385275
0.485651 0.0802545 0.874168
0.954504 0.0384395 0.298253
0.355969 0.0251279 0.934512
0.871692 0.417636 0.398108
0.0623422 8.93631e-05 0.998056
0.707473 0.000104555 0.706799
0.241372 6.58769e-05 0.970489
0.914452 0.0122093 0.404723
0.733222 0.0293938 0.679989
0.203258 1.10247 0.0463143
0.9048 0.017394 0.425845
0.775975 0.0350268 0.630778
0.14821 0.0294015 0.988956
0.79419 6.21541e-05 0.60776
0.20303 1.14948 0.0822255
0.425753 0.0323227 0.904842
0.720598 0.842963 0.0664153
0.576653 0.0164756 0.817048
0.0401217 1.01688 0.24812
0.110479 6.21541e-05 0.993944
0.768205 0.213429 0.640205
0.598225 0.78449 0.284923
0.586967 0.775869 0.334565
0.451048 0.342414 0.856527
0.446511 7.90295e-05 0.894799
0.16122 0.485952 0.883865
0.9487 0.0735782 0.316291
0.609285 7.79126e-05 0.793008
0.755734 0.000108173 0.654892
0.465703 0.0197546 0.88496
0.832299 6.58769e-05 0.554422
0.380765 0.133976 0.924679
0.566634 0.125374 0.82397
0.383921 0.54013 0.796997
0.208375 0.978143 0.000526644
0.540801 0.0175227 0.841151
0.997281 0.0329868 0.0737566
0.502397 0.000108512 0.864648
0.87434 0.000102118 0.485342
0.841178 0.0825801 0.540762
0.177127 0.344431 0.940124
0.408949 0.854274 0.426497
0.786161 0.116907 0.618031
0.96478 0.0389906 0.263071
0.614223 0.776112 0.27824
0.189352 0.620573 0.786887
0.521513 0.0458494 0.853243
0.0900148 0.368981 0.940007
0.140462 0.631431 0.777635
0.408492 0.875455 0.414292
0.591392 0.0979643 0.806402
0.800079 0.0807842 0.599953
0.026771 0.968723 0.252572
0.157317 0.492989 0.883903
0.894705 9.02898e-05 0.446673
0.976192 0.132094 0.216933
0.640218 0.353402 0.768203
0.218685 0.836374 0.557053
0.928474 0.0372678 0.371436
0.194628 8.76606e-05 0.980932
0.884866 0.0377468 0.465853
0.68023 0.0194334 0.733002
0.806417 0.174292 0.591381
0.579475 0.776503 0.375852
0.832051 0.625183 0.0504806
0.990007 0.0001038 0.141021
0.22034 0.810454 0.562738
0.338599 0.54013 0.821614
0.816777 0.000104568 0.577019
0.2874 6.90739e-05 0.957845
0.316089 0.0678253 0.948736
0.852921 0.0458587 0.522043
0.98058 0.000104578 0.19613
0.793297 0.624836 0.108585
0.174625 0.814833 0.592886
0.959646 3.25873e-05 0.281247
0.218891 0.997225 5.17755e-05
0.739882 0.33055 0.67274
0.940067 0.000109105 0.341252
0.986406 0.0669244 0.16438
0.554552 7.74762e-05 0.832151
1 0.00010288 3.37609e-05
0.824021 0.149839 0.566575
0.624817 8.57361e-05 0.780776
0.2439 0.47079 0.883877
0.415789 0.828288 0.435495
0.39455 6.58769e-05 0.918927
0.970215 9.96388e-05 0.242306
0.993934 9.03254e-05 0.110096
0.197976 5.34557 0.143913
0.861944 0.116211 0.507049
0.169149 8.60626e-05 0.985592
0.919056 8.86476e-05 0.3942
0.112898 0.664901 0.7778
