0.29337 0.964269 0.194475
0.862177 0.0442179 0.506876
1.79358e-06 9.55677e-05 1
0.342253 9.42463e-05 0.939635
1 0.000112323 4.10249e-05
0.88381 0.0285377 0.467851
0.868419 0.000112317 0.495837
0.72278 0.779882 0.0494328
0.252253 0.517722 0.86267
0.793255 0.000107825 0.608895
0.234199 0.96434 0.209842
0.151786 0.517782 0.880607
0.114625 0.0128754 0.993417
0.192087 5.33573 0.188482
0.660728 1.20682 0.00292693
0.0410729 0.72087 0.803488
0.936242 0.000242586 0.351362
0.678201 0.0399602 0.73488
0.84119 0.000122936 0.540755
0.0730206 8.92072e-05 0.997331
0.0920101 0.720837 0.735112
0.495935 0.000137878 0.868376
0.24978 0.979031 0.0403271
0.993973 0.000109693 0.109636
0.739914 0.228276 0.672709
0.706843 6.87755e-05 0.707373
0.732908 0.0384705 0.680362
0.626768 0.0209291 0.779218
0.91918 0.0001051 0.393851
0.447458 8.28618e-05 0.894313
0.400842 6.03707e-05 0.916152
0.514536 0.00010767 0.85748
0.816828 0.000117005 0.576889
0.466042 0.0240768 0.884775
0.655775 4.61777e-05 0.755051
0.964888 0.274596 0.13434
0.591393 0.0430725 0.806386
0.196264 1.02906 0.0764619
0.894987 0.000147093 0.446223
0.768146 0.0695175 0.640281
0.942862 0.000105101 0.333196
0.60996 0.000101465 0.792435
0.529992 0.046381 0.848019
0.948714 0.0303457 0.31617
0.755034 0.000111902 0.655695
0.197702 0.998648 0.0841793
0.152988 0.73603 0.693189
0.540767 0.0531865 0.841173
0.151025 0.000112281 0.988545
0.201096 1.07921 0.0378459
0.193784 8.36347e-05 0.981083
0.645944 0.0718469 0.763397
0.622667 0.787768 0.0472768
0.874255 0.0312053 0.485525
0.486822 0.572968 0.743966
0.576891 0.0246792 0.816822
0.800014 0.03014 0.600018
0.16282 0.594055 0.845648
0.262734 0.029597 0.964869
0.231555 0.000114743 0.972851
0.287144 9.16172e-05 0.957891
0.988364 7.39227e-05 0.152157
0.206442 0.537553 0.848091
0.806485 0.161791 0.591257
0.983926 0.0001051 0.178583
0.104439 0.77998 0.693276
0.780809 0.0481461 0.624772
0.997576 0.000112283 0.0696487
0.422872 0.0347956 0.906225
0.316173 0.0570579 0.948705
0.954511 0.0429389 0.298197
0.561856 0.500444 0.743169
0.362416 0.0581611 0.932018
0.961728 0.000109774 0.274018
0.205831 0.979782 0.0726594
0.139279 0.301408 0.956449
0.913838 0.0350522 0.406087
0.056855 0.873978 0.708829
0.0422549 1.02957 0.374766
0.0432878 0.92699 0.3756
0.593476 0.640154 0.56365
0.977207 0.000114835 0.212304
0.906198 0.0796033 0.422896
0.068373 0.373989 0.956423
0.196774 1.05269 0.045727
0.485559 0.0747159 0.874213
0.553654 9.62157e-05 0.832802
0.380548 0.000112279 0.924778
0.16451 0.720818 0.716845
0.0548014 0.72087 0.758158
0.92848 0.0828427 0.371393
0.662544 0.735129 0.222625
0.191623 20.5718 0.152175
0.554323 0.650108 0.538164
0.823979 0.140163 0.566634
0.853277 0.0329721 0.521462
0.970639 0.00013759 0.240557
0.964793 0.288338 0.0212457
0.556124 0.553697 0.742831
0.832478 0.000114201 0.554068
