0.555206 0.000168894 0.831725
0.831327 0.000156661 0.555796
0.91382 0.012816 0.40615
1 0.000133195 3.11568e-06
0.780871 0.0310098 0.624699
0.970606 0.000113158 0.24076
0.678318 0.0425126 0.734776
0.874175 0.0243744 0.48563
0.732598 0.0252839 0.68074
0.216887 0.0857629 0.976209
0.510416 0.53375 0.732974
0.948708 0.0129059 0.316165
0.96627 0.0417182 0.257538
0.276658 8.06554 0.289694
0.954484 0.000136662 0.298294
0.959377 0.000107333 0.282159
0.241999 0.000113369 0.970288
0.171315 0.127591 0.985219
0.907952 0.0534611 0.419076
0.151725 6.82187e-05 0.988436
0.337421 0.943148 0.0296771
0.638008 0.810628 0.220781
0.993887 0.000116285 0.110404
0.342589 0.000158528 0.939491
0.73978 0.0705229 0.672851
0.501103 0.000170596 0.865391
0.884812 0.0180717 0.465954
0.609214 9.09588e-05 0.793025
0.624699 0.020693 0.780873
0.792876 0.000167263 0.609435
0.768228 0.120241 0.640186
0.976225 0.000160769 0.216761
0.200103 0.4757 0.866934
0.514464 0.0219551 0.857513
0.861931 0.145291 0.507026
1.03804e-06 0.000123554 1
0.446973 0.000142743 0.894553
0.540846 0.0895698 0.841133
0.998624 0.000116293 0.0524517
0.362361 0.0297115 0.932041
0.680455 0.612874 0.436593
0.400972 0.0334897 0.916092
0.75639 0.000135321 0.654134
0.853115 0.0444738 0.521726
0.535342 0.495665 0.733431
0.243059 0.292292 0.94688
0.0829291 0.0475008 0.996556
0.301013 0.0135828 0.953637
0.328458 1.38131 0.0648748
0.992285 0.0400801 0.124002
0.185875 0.495818 0.866963
0.679843 0.669585 0.430911
0.824035 0.0169765 0.56655
0.465955 0.0182357 0.884813
0.985223 0.0886144 0.171339
0.980738 0.00014504 0.195522
0.868404 0.00014214 0.495863
0.894776 0.000160252 0.446615
0.928511 0.0122557 0.371341
0.168126 0.838442 0.552818
0.646106 0.0195507 0.763262
0.59151 0.000109237 0.806305
0.592599 0.880502 0.388655
0.287185 0.000125168 0.957886
0.195844 0.000136576 0.980642
0.0343425 0.967073 0.289886
0.6772 0.797376 0.215003
0.167658 0.819698 0.567663
0.654965 0.000116653 0.755673
0.841245 0.0665172 0.540679
0.110182 0.000140144 0.993914
0.380856 0.00013172 0.924638
0.622657 0.79746 0.263334
0.330334 0.0464062 0.943874
0.806416 0.0375549 0.59135
0.996821 0.102715 0.079679
0.129334 0.0658614 0.991609
0.425796 0.0419514 0.904829
0.0474768 0.000140131 0.998873
0.159656 0.819537 0.606601
0.328932 1.10455 0.194253
0.936336 0.0368862 0.351135
0.816974 0.0371294 0.576684
0.334758 0.94537 0.112635
0.485666 0.000143554 0.874145
0.576639 0.000117903 0.817004
0.0373333 0.956552 0.315269
0.331041 1.15428 0.108888
0.240484 0.828816 0.552143
0.529925 0.106233 0.848047
0.346406 0.940841 0.036694
0.800006 0.0211042 0.599997
0.943969 0.000143719 0.330078
0.988436 0.000120454 0.151677
0.750028 0.797449 0.175628
0.330542 1.27625 0.046338
0.706865 0.000119614 0.707357
0.601193 0.797738 0.295402
0.704534 0.798749 0.177343
0.919397 0.000135451 0.393374
