0.553851 9.79418e-05 0.832643
0.164061 0.988786 0.00436306
0.789047 0.645286 0.0494088
0.566538 0.0290966 0.824036
0.446783 7.04196e-05 0.894692
0.49489 0.870271 0.07479
0.987459 6.18458e-05 0.157882
0.966734 0.329341 0.0798525
0.406099 0.0293999 0.913854
0.106737 0.651442 0.822109
0.584513 0.621619 0.62783
0.916164 0.0441654 0.400847
1 6.00886e-05 2.47174e-05
0.904892 0.0188623 0.425661
0.528299 0.869387 0.0459358
0.38697 8.72775e-05 0.9221
0.946011 0.354101 0.0423126
0.787851 0.642429 0.0686366
0.967759 0.031487 0.251979
0.15851 0.589578 0.841268
0.65306 0.000100072 0.757326
0.881099 0.459113 0.163752
0.82405 0.0631493 0.566531
0.501613 0.870255 0.0466275
0.619262 0.704345 0.385784
0.609727 0.000119004 0.792682
0.596889 0.70947 0.471478
0.70679 4.43106e-05 0.707509
0.123511 0.000100071 0.992346
0.739911 0.304673 0.672707
0.768196 0.0229192 0.640215
0.22009 2.5746 0.00149484
0.732743 0.0275308 0.680522
0.152188 19.5149 0.143086
0.0356986 0.984555 0.18324
0.672753 0.148574 0.739868
0.819426 0.616472 0.17383
0.885555 0.621728 0.0495215
0.523677 0.62818 0.659831
0.946177 0.346087 0.0880282
0.37136 0.0840098 0.928489
0.640255 0.0837196 0.768167
0.144111 0.330283 0.950574
0.488203 0.874508 0.215641
0.755839 7.03551e-05 0.654768
0.514348 0.0196521 0.857583
0.152084 0.875222 0.488681
0.853224 0.0138903 0.521553
0.680522 0.0207056 0.73274
0.87426 0.000101835 0.48546
0.331496 9.80545e-05 0.943457
0.157996 0.00908986 0.987442
0.980974 0.000101832 0.194143
0.792781 5.67396e-05 0.609622
0.24136 8.72728e-05 0.97044
0.948696 0.0371007 0.316225
0.0945525 0.366537 0.950556
0.88481 0.038712 0.466018
0.0758032 9.79411e-05 0.997123
0.86192 0.136627 0.507053
0.841188 0.0501738 0.540744
0.624776 0.0426716 0.78085
0.924358 7.04211e-05 0.381555
0.939962 5.36921e-05 0.341319
0.0442406 0.427607 0.950556
0.958271 7.04216e-05 0.285883
0.780841 0.0238744 0.624732
0.800003 0.0332348 0.600006
0.600009 0.0478259 0.799998
1.08476e-05 0.00010007 1
0.3501 9.80556e-05 0.936713
0.89505 7.04208e-05 0.446023
0.17108 0.986922 0.0337826
0.287724 8.5664e-05 0.95772
0.465817 0.00108301 0.884882
0.153094 1.22235 0.0509384
0.972801 0.000124722 0.231661
0.838435 0.621599 0.0963101
0.425801 0.0427475 0.904819
0.832639 9.80744e-05 0.553816
0.0902077 0.984232 0.179883
0.813973 8.53375e-05 0.580921
0.934506 0.0298536 0.355951
0.496112 0.000133263 0.868293
0.512413 0.633982 0.743738
0.0344128 1.35093 0.176888
0.993897 6.87309e-05 0.110422
0.195456 0.000111145 0.980714
0.485607 8.7274e-05 0.874184
0.0534776 0.878193 0.557636
0.868266 4.03291e-05 0.496152
0.553568 0.621619 0.635458
0.540745 0.0492248 0.841209
0.0864537 0.874595 0.510527
0.580389 9.69087e-05 0.81434
0.603253 0.758416 0.382261
0.205091 0.577248 0.822109
0.315657 0.0406338 0.948874
0.391059 0.362421 0.893786
0.894966 0.450728 0.189471
