0.757035 0.000138509 0.653374
0.696526 0.619444 0.434705
0.252045 0.975568 0.0361975
0.928525 0.0234562 0.371309
0.485226 0.874169 0.199216
0.997486 0.000123918 0.0709036
0.943878 0.119129 0.330314
0.381479 0.000136781 0.924378
0.934569 0.000142927 0.35583
0.70677 0.000161852 0.707531
0.816979 0.0251031 0.576741
0.967635 0.000126071 0.252399
0.522154 0.0439404 0.852857
0.780863 0.0485491 0.624716
0.267114 1.04389 0.000216823
0.542401 0.583382 0.673987
0.514478 0.090908 0.857505
0.954515 0.0315078 0.29826
0.230135 0.685964 0.728515
0.83245 0.000126391 0.554101
0.824036 0.144228 0.566542
0.692181 0.64933 0.415128
0.0607347 0.953456 0.313634
0.44736 0.000137012 0.894408
0.841224 0.0791761 0.540688
0.939881 0.000133216 0.341563
0.171295 0.0702576 0.98522
0.400939 0.0229391 0.916108
0.245575 0.24414 0.950413
0.98927 0.000125871 0.146099
0.535893 0.557375 0.685131
0.500299 0.000106008 0.865883
0.411916 0.799647 0.537362
0.00153183 0.906448 0.711516
0.768221 0.275991 0.640201
0.480252 0.874169 0.370173
0.114574 0.0326141 0.993423
0.872153 0.000126511 0.489234
0.79253 0.000131033 0.609845
0.0388689 0.96299 0.30153
0.853152 0.0298454 0.52168
0.62983 0.874594 0.116825
0.242727 0.000142927 0.970152
0.346824 0.0162534 0.938045
0.97036 0.000129899 0.241748
0.691041 0.680326 0.393231
0.284863 0.000122632 0.958568
0.175457 0.481418 0.871704
0.894898 9.8065e-05 0.446347
0.344188 0.799741 0.550497
0.205054 15.9948 0.190277
0.207644 1.49706 0.0658017
0.362505 0.0835362 0.931984
0.906212 0.0456096 0.422885
0.861956 0.0289971 0.506984
6.85965e-09 0.000122003 1
0.734812 0.0378704 0.67828
0.91924 0.000105503 0.393775
0.566543 0.0678937 0.824041
0.958085 5.42943e-05 0.286518
0.884852 0.0200371 0.465906
0.913887 0.0203255 0.405995
0.540848 0.0577688 0.841122
0.485581 0.0334107 0.874198
0.985238 0.0973034 0.171334
0.425748 0.0445084 0.904845
0.554245 7.26922e-05 0.832388
0.316082 0.0711374 0.948751
0.0013599 1.07906 0.920864
0.678593 0.0327852 0.734612
0.0389438 0.985976 0.299636
0.221008 0.976548 0.0148797
0.0913566 0.377064 0.942191
0.148161 6.22721e-05 0.988993
0.9762 0.125302 0.216875
0.980755 0.000131033 0.195261
0.806426 0.0495876 0.591353
0.181874 0.697575 0.728515
0.209483 1.09645 0.042716
0.591402 0.0992401 0.806413
0.799982 0.0328287 0.600028
0.465779 0.000119936 0.884901
0.961533 0.124554 0.2747
0.948693 0.0284901 0.316206
0.043413 0.906455 0.427031
0.514185 0.873618 0.141448
0.624758 0.030798 0.78083
0.333716 0.000122868 0.942674
0.577036 0.0193956 0.816725
0.0711043 0.000104015 0.997469
0.155042 0.347681 0.966681
0.302336 0.678295 0.728515
0.195598 0.000137163 0.980684
0.654488 9.00181e-05 0.756104
0.640183 0.248834 0.768228
1 0.000106008 5.32889e-05
0.144732 0.498314 0.871361
0.609604 9.25112e-05 0.792706
0.993477 0.0359142 0.114109
0.535873 0.541891 0.699425
