0.780413 0.646065 0.145189
0.696858 0.474547 0.652563
0.734253 0.721518 0.0430764
0.280201 0.000103202 0.95996
0.687722 0.83693 0.0452684
0.874151 0.0776043 0.485667
0.287035 0.858636 0.482477
0.95978 0.000102309 0.280804
0.554502 0.000105959 0.832213
0.311743 0.454662 0.887019
0.944529 0.00010598 0.328497
0.0579367 1.16401 0.341579
5.74632e-05 6.98627e-05 1.00002
0.553024 0.684932 0.521262
0.894515 9.2526e-05 0.447131
0.223859 0.977646 0.0397862
0.316088 0.839794 0.598686
0.158903 0.518203 0.887264
0.485646 0.0771635 0.874158
0.0416323 0.0175816 0.999133
0.672398 0.496851 0.690112
0.789159 0.636364 0.155081
0.610069 9.25129e-05 0.792377
0.19284 0.462617 0.887167
0.157011 9.18718e-05 0.987601
0.970557 0.000105981 0.240931
0.467721 0.0407013 0.883897
0.948699 0.0392237 0.316186
0.25636 0.6902 0.792445
0.10438 9.1871e-05 0.994561
0.0607359 0.963405 0.296114
0.964847 0.043349 0.262832
0.217113 5.2921 0.202242
0.980629 0.284283 0.026101
0.599775 0.0350381 0.800195
0.356159 0.0437203 0.934434
0.563576 0.686543 0.509271
0.678625 0.0304029 0.734515
0.0651205 0.706783 0.9775
0.841149 0.0500565 0.540803
0.444516 7.12003e-05 0.895799
0.993963 0.000103991 0.109938
0.380007 0.000104858 0.925506
0.640221 0.1748 0.768197
0.216401 18.6521 0.187031
0.824051 0.13007 0.566519
0.884629 0.0383526 0.466341
0.977182 7.12294e-05 0.212436
0.780775 0.0434391 0.624825
1 9.46991e-05 7.20607e-05
0.521627 0.0464762 0.853193
0.906281 0.0280185 0.422704
0.954495 0.0237737 0.298228
0.62474 0.0398215 0.780852
0.238334 0.697963 0.797262
0.755874 0.000120681 0.654774
0.688623 0.725985 0.086735
0.91913 9.98845e-05 0.394037
0.566517 0.0765778 0.824052
0.0706865 1.22878 0.269544
0.105543 1.10639 0.269477
0.806356 0.090478 0.591441
0.0579496 1.11832 0.419744
0.788884 0.523165 0.368297
0.712736 0.722031 0.0650443
0.203794 0.0001032 0.979033
0.928732 0.0389079 0.370767
0.450943 0.911071 0.210653
0.857373 0.00888028 0.514696
0.540748 0.0503744 0.841195
0.997292 0.0200129 0.0735534
0.581184 0.0367186 0.813812
0.0598391 0.969043 0.459179
0.938391 0.0390794 0.345662
0.832257 0.000104871 0.554454
0.227668 0.682126 0.81796
0.425903 0.000105952 0.904834
0.230949 0.973104 0.000121759
0.0845027 0.21117 0.977487
0.653816 0.000105962 0.756699
0.549811 0.684356 0.565693
0.985229 9.18991e-05 0.171255
0.848371 0.117716 0.529449
0.252615 0.0146074 0.967567
0.0813717 0.960851 0.276227
0.231295 0.000104856 0.972946
0.301073 0.00236003 0.953614
0.325127 0.845527 0.482478
0.792824 0.00010597 0.609473
0.788792 0.515366 0.389194
0.706725 0.000102299 0.707503
0.330893 9.25008e-05 0.943698
0.768183 0.152553 0.640237
0.816718 0.02044 0.577037
0.400863 0.01927 0.916138
0.865398 0.000103987 0.501164
0.221095 1.20144 0.0156265
0.535983 0.911455 0.161781
0.734753 0.0369092 0.678356
0.500948 0.00010486 0.86554
