0.521372 0.0241865 0.853388
0.12259 0.234975 0.977423
0.34577 0.0268994 0.938325
0.0732073 1.8719 0.221116
0.316257 0.0645626 0.948694
0.360634 0.834051 0.59935
0.286068 9.6282e-05 0.95824
0.093028 1.08369 0.0470695
0.252419 9.30636e-05 0.967621
0.841192 0.043108 0.540792
0.693126 0.749084 0.0137392
0.895971 0.000125906 0.444147
0.832491 0.000127837 0.554093
0.158002 0.000208021 0.987469
0.15405 0.538739 0.925845
0.540727 0.0787577 0.841208
0.975486 7.94138e-05 0.220083
0.919131 0.396546 0.0450784
0.239996 0.354317 0.947248
0.466754 0.0409412 0.884404
0.680409 0.0424996 0.732876
0.332861 0.000101815 0.94299
0.256734 0.967576 0.453675
0.813879 0.0374666 0.581039
0.780947 0.0187634 0.62465
0.640251 0.167269 0.768174
0.874188 0.0460615 0.485598
0.633867 0.728673 0.379647
0.0901954 0.995237 0.0823428
0.0701683 0.0130871 0.997542
0.0844008 2.13994 0.0737643
0.0875169 0.997182 0.200186
0.654586 0.000108624 0.756007
0.634407 0.762553 0.344752
0.707227 9.98031e-05 0.707015
0.754093 0.614772 0.469382
0.876394 1.55853 0.000995054
0.739842 0.214243 0.672784
0.265285 0.702084 0.714479
0.624903 0.0397604 0.780718
0.733522 0.61478 0.526886
0.994113 0.000108345 0.108394
3.10755e-05 8.77606e-05 1
0.85096 0.640739 0.360363
0.989082 0.000117168 0.147374
0.251147 0.983035 0.00710014
0.917397 0.455428 0.0164893
0.507062 0.0585977 0.861988
0.863822 0.000142713 0.503889
0.756405 0.000125848 0.654198
0.717042 0.71843 0.0676313
0.732934 0.024784 0.680327
0.0732073 1.64375 0.274721
0.422961 0.0680989 0.906153
0.268174 0.967785 0.0329891
0.0725753 23.9457 0.0711865
0.109557 9.12721e-05 0.993986
0.140936 0.55919 0.833754
0.92558 7.94138e-05 0.378566
0.76816 0.0577885 0.640282
0.754728 0.718613 0.0397612
0.34348 0.849647 0.502444
0.218878 8.77607e-05 0.975759
0.798461 0.000118461 0.602145
0.59996 0.0480555 0.800034
0.566581 0.0417222 0.824038
0.0726667 1.52017 0.45279
0.280321 0.69536 0.694411
0.983631 0.000127216 0.181995
0.824046 0.128883 0.566548
0.370829 0.0131411 0.928708
0.443614 0.00013064 0.896279
0.220057 0.358606 0.956819
0.554298 0.000142759 0.832399
0.401726 0.839934 0.49661
0.964864 0.000143789 0.262826
0.67267 0.3922 0.739967
0.387495 8.77608e-05 0.921882
0.0727846 1.15503 0.597691
0.490308 7.94138e-05 0.871597
0.274591 0.71606 0.673108
1 0.000100412 8.51221e-06
0.551039 1.10792 0.00183401
0.294699 0.878318 0.546057
0.884781 0.0288815 0.466079
0.609643 8.0606e-05 0.792714
0.957814 8.77609e-05 0.28747
0.949803 0.0595103 0.312893
0.580323 0.0249714 0.814416
0.320965 0.967363 0.0376046
0.944317 0.0463935 0.329133
0.18274 0.540075 0.839626
0.852962 0.0397443 0.522006
0.997274 0.0368461 0.0738058
0.128383 0.791535 0.833754
0.934527 0.0347375 0.355946
0.11362 1.01033 0.0436395
0.186741 0.000106982 0.982425
0.90624 0.0775526 0.422868
0.913895 0.0352521 0.406075
