0.0659918 1.33752 0.370326
1.00228 0.849787 0.000100719
0.539845 0.863395 0.105709
0.172198 0.92777 0.366764
0.603167 0.485739 0.663621
0.924012 0.427995 0.101883
0.923997 0.559304 0.254347
0.0934624 0.317591 0.959624
0.0001068 9.82293e-05 1
0.924132 0.429575 0.0711717
0.0553934 22.8607 0.0513232
0.998903 0.240809 0.0423441
1.00578 0.0628835 7.11217e-05
0.928016 0.378868 0.30377
0.463956 0.853029 0.497962
0.066419 1.15204 0.191953
0.92405 0.563214 0.0422876
0.998329 0.0862938 0.21097
0.998422 0.0494438 0.159888
0.539614 0.866907 0.352644
0.999176 0.0383733 0.0346523
0.455725 0.766006 0.643976
0.0664739 1.01033 0.760408
0.189356 0.927508 0.378012
0.0725617 0.997421 1.42969e-05
0.066086 1.43101 0.199738
0.0659918 1.22893 0.420405
0.588497 0.835191 0.119053
0.998328 0.0563776 0.321806
0.14914 0.501755 0.875265
0.107897 0.667968 0.875315
0.998323 0.167565 0.117346
0.030033 0.0314513 1
0.163574 0.47934 0.899679
0.441813 0.772697 0.644007
0.62204 0.527079 0.651452
0.147489 0.927508 0.40185
0.205664 0.749191 0.691234
0.166734 0.109332 0.988458
0.499169 0.329837 0.819906
0.588595 0.580373 0.734523
0.924129 0.392707 0.15269
0.0662061 1.04152 0.574771
0.0671948 1.14016 0.064722
0.597204 0.835191 0.0853146
0.929117 0.374129 0.497428
0.0828403 0.99728 0.136986
0.96204 0.428158 0.0190965
0.0659918 1.54749 0.308464
0.998299 0.260425 0.125295
0.333785 0.424786 0.880346
0.342893 0.749191 0.662223
0.999129 0.104984 0.0338774
0.516964 0.339885 0.816249
0.998303 0.0857553 0.355914
0.0998747 0.99728 0.0332417
0.117681 0.927483 0.693058
8.70104 0.0333584 0.0211368
0.247116 0.927471 0.433561
0.924012 0.413991 0.140822
0.600702 0.501718 0.663981
0.539801 0.863448 0.210253
0.999003 0.0407883 0.20527
0.700289 0.32284 0.824699
0.693462 0.835042 0.318835
0.342129 0.00144288 1
0.746537 0.68611 0.480861
0.736432 0.47896 0.519408
0.25629 0.49215 0.875265
0.924132 0.470743 0.0381896
0.581862 0.835926 0.0102126
0.0724647 0.997479 3.57962e-05
0.770818 0.835042 0.153243
0.588595 0.623725 0.711934
0.191895 0.0853999 0.988458
0.236692 0.281692 0.959621
0.389329 0.853029 0.586388
0.492765 0.334315 0.816307
0.539801 0.845982 0.23322
0.603889 0.485271 0.664878
0.92872 0.375572 0.223269
0.998975 0.0423254 0.240036
0.673758 0.835439 0.0578373
0.736005 0.486321 0.484648
0.999806 0.037984 0.0378079
0.3953 0.390271 0.878401
0.544074 0.850555 0.0516684
0.998369 0.0616901 0.073731
0.778451 0.536277 0.481035
0.18222 0.283692 0.959621
0.573656 0.835373 0.104213
0.0671194 1.6856 0.0854437
0.329121 0.0606066 0.988458
0.542749 0.876467 0.026446
0.559359 0.835558 0.204955
0.403359 0.927473 0.382404
0.427278 0.853029 0.53438
0.820471 0.278448 0.959625
0.291957 0.80754 0.672544
0.615721 0.485146 0.661589
