1.22281 0.245901 0.10339
0.691192 0.184586 0.768463
0.608046 0.727939 0.474689
0.0366978 0.0697004 0.998312
0.857402 0.184552 0.701602
0.971499 0.304399 1.15458e-05
0.00109593 2.1689 0.0291688
2.62911 0.239314 0.219464
0.545775 0.902468 0.341781
1.1273 0.246203 0.0917237
0.964617 0.282729 0.0906039
0.606713 0.831485 0.101932
0.965981 0.687701 0.000240136
1.37771 0.168438 0.733537
0.547429 0.882121 0.103469
1.05202 0.248168 0.307518
0.672606 0.830987 0.234921
1.13456 0.251528 0.0352555
0.770168 0.830999 0.176754
0.000182141 0.0001893 1.00007
5.67497 0.237563 0.260585
0.96481 0.273965 0.123009
0.976358 0.27028 1.13264e-05
3.12859 0.16835 0.728066
0.654513 0.726834 0.451795
1.04528 0.249963 0.131633
1.01811 0.249526 0.307315
0.599291 0.728089 0.542681
0.41099 0.808126 0.527783
0.745371 0.83149 0.0553788
0.745258 0.267012 0.698224
6.21779 0.237835 0.224189
0.979195 0.184531 0.6982
2.96966 0.238299 0.219862
0.383016 0.550414 0.853375
0.62461 0.831879 0.0518118
1.87747 0.245906 0.0698302
0.966039 0.259168 0.000171109
0.690898 0.348277 0.702261
0.547274 0.841879 0.218619
0.048404 0.468265 0.945971
0.139781 0.56114 0.830865
0.386848 0.362 0.908209
1.57968 0.241547 0.264341
0.261391 0.405148 0.908285
0.685697 0.739068 0.375555
0.148507 0.915506 0.410085
0.15888 0.563735 0.830703
0.36556 0.808011 0.620187
0.574997 0.831308 0.401889
0.139608 0.336477 0.946213
1.05753 0.246022 0.136628
0.690906 0.220766 0.71891
0.410854 0.60421 0.726159
0.973731 0.280597 1.13264e-05
0.213824 0.172678 0.978615
0.104273 0.654767 0.830746
0.781775 0.216019 0.698226
0.609566 0.748606 0.424761
1.47822 0.174844 0.698511
0.0248469 0.999574 0.0327921
1.28133 0.245718 0.188733
0.0807082 0.914942 0.429079
3.3321 0.225882 0.69328
0.546739 0.874309 0.111059
0.546736 0.849558 0.307126
0.481779 0.604463 0.719823
2.53516 0.206586 0.69382
0.722528 0.727314 0.365956
0.964673 0.29738 0.0185631
1.1753 0.264991 5.33592e-06
1.58398 0.241481 0.395592
0.592307 0.831476 0.133227
0.000173014 0.000112397 1.00086
1.34156 0.00258227 1
0.553977 0.849729 0.0428573
0.102899 0.810047 0.622139
0.45996 0.160388 0.978586
0.260276 0.345266 0.929794
0.663091 0.726834 0.404416
0.0582134 0.915506 0.595213
0.184609 0.283867 0.978642
0.454062 0.605248 0.716853
0.043286 0.388091 0.946264
0.193735 0.550682 0.856086
0.688381 0.244202 0.726579
0.79495 0.45698 0.678181
0.0877784 0.374502 0.945965
1.02462 0.252275 0.0335361
1.91456 0.241597 0.181746
0.548374 0.852863 0.0952107
0.444292 0.0617747 0.998359
0.551703 0.882356 0.0495483
0.0211936 20.0357 0.0289075
0.508223 0.609504 0.711929
1.31468 0.2462 0.0422178
0.090436 0.812901 0.582709
0.570626 0.832324 0.127544
0.314049 0.336673 0.912165
0.545309 0.941661 0.293782
