0.884884 0.0194402 0.465825
0.576914 0.0187623 0.816809
0.615523 0.736966 0.477427
0.465785 0.0250804 0.884917
0.211234 0.577151 0.836671
0.943986 0.000166266 0.330001
0.359777 1.22944 0.173384
0.967751 0.0137857 0.251928
0.171086 0.0653342 0.985274
0.540709 0.0912741 0.841224
0.425746 0.0452889 0.904854
0.780838 0.0440343 0.624745
0.993908 0.000162788 0.110262
0.600008 0.0436356 0.800009
0.97352 0.000162772 0.228638
0.938361 0.032273 0.345677
0.0521633 0.920682 0.562192
0.289001 0.700124 0.699516
0.707207 0.000177834 0.70702
0.746284 0.290914 0.633078
0.816266 0.0335451 0.577681
0.44512 0.000173891 0.8955
0.894936 0.000190753 0.446219
0.231274 0.00015759 0.972892
0.654667 0.000201821 0.755944
0.860561 0.524698 0.100634
0.356117 0.000171745 0.934495
0.860717 0.519656 0.277771
0.253869 2.67241 0.374864
0.906167 0.00860148 0.423034
0.252365 0.0146147 0.967632
0.37877 0.928493 0.135347
0.832906 0.000168649 0.553441
0.591356 0.199532 0.806425
0.316211 0.070472 0.948694
0.841088 0.0664918 0.540923
0.732733 0.0317397 0.680554
0.792625 0.000171779 0.609774
0.330295 0.000194962 0.943886
0.365482 0.964387 0.0401326
5.15437e-06 0.000129223 1
0.672694 0.178037 0.739922
0.640199 0.118071 0.768211
0.262718 0.718558 0.677879
1 0.000171127 6.1286e-05
0.408124 0.418366 0.887684
0.261276 0.927984 0.33655
0.924535 0.000194638 0.381174
0.756386 0.000131358 0.654137
0.680499 0.000127787 0.732771
0.507049 0.149227 0.861944
0.824055 0.149641 0.566525
0.0711844 0.000160017 0.997465
0.287382 0.000158927 0.957827
0.800035 0.0314456 0.600032
0.256508 1.32235 0.318324
0.4061 0.0305923 0.913856
0.554955 0.704069 0.549954
0.571949 0.698552 0.51056
0.253019 1.63484 0.47477
0.987761 0.00140441 0.15598
0.932058 0.032816 0.362322
0.380557 0.000171747 0.924766
0.35957 1.20219 0.221429
0.110279 0.000180477 0.993904
0.861968 0.0200779 0.506977
0.874213 0.0716828 0.485601
0.255894 1.10361 0.372077
0.868325 0.000168649 0.496023
0.916149 0.0151233 0.400839
0.141224 0.000137567 0.989983
0.267213 0.91666 0.305233
0.521607 0.0308783 0.853198
0.414754 0.928493 0.0323134
0.360301 1.61051 0.0387144
0.044675 0.409217 0.918287
0.141443 0.59284 0.815883
0.73995 0.0890434 0.672668
0.853199 0.0144876 0.521587
0.609449 0.000158959 0.792839
0.98075 0.000137234 0.195339
0.566576 0.120229 0.824018
0.292332 8.02016 0.300298
0.289719 0.953705 0.300474
0.0887385 0.826794 0.562816
0.050503 0.825954 0.575729
0.997299 0.0145951 0.0734699
0.624861 0.0387282 0.780748
0.364286 0.946546 0.068892
0.359819 1.28315 0.080451
0.806388 0.0408385 0.591419
0.194565 0.000166363 0.980906
0.55423 0.000158331 0.832409
0.485656 0.0210199 0.874166
0.859467 0.550217 0.036162
0.959562 0.00016627 0.281519
0.0914211 0.646036 0.815806
0.953565 0.0350002 0.301208
0.0923272 0.397551 0.918288
0.495687 0.000161921 0.868514
