0.566605 0.0468375 0.823991
0.213159 0.476521 0.885539
0.285281 9.94348e-05 0.958448
0.252761 0.442218 0.885559
0.316187 0.0694649 0.948697
0.95382 0.0316919 0.300389
0.707287 0.756838 0.163654
0.42577 0.0341373 0.904832
0.681681 0.0244132 0.731657
0.916184 0.02277 0.400759
0.768184 0.337057 0.640238
0.6413 0.802838 0.284219
0.948683 0.0223603 0.316229
0.24732 0.330847 0.95135
0.785804 0.757437 0.115709
0.894987 6.48542e-05 0.446143
0.231626 7.46094e-05 0.972862
0.853179 0.0285566 0.521626
0.675673 0.0947624 0.737202
0.79321 9.93965e-05 0.608953
0.576825 0.0198624 0.816892
0.823998 0.0234221 0.566595
0.624746 8.89521e-05 0.780843
0.051667 0.661295 0.7707
0.732822 0.042606 0.68043
0.739939 0.0694687 0.672677
0.518613 0.782465 0.610746
0.459769 0.895693 0.0725094
0.921712 7.11989e-05 0.388043
0.554019 0.000100411 0.83253
0.816976 0.018155 0.576671
0.66811 0.758535 0.212911
0.985243 0.125777 0.171203
0.596237 0.593426 0.762766
0.42551 0.625982 0.777896
0.380092 9.82691e-05 0.924949
0.607839 7.09367e-05 0.794077
0.645934 0.0430018 0.763396
0.0892708 0.225518 0.975693
0.946368 0.343771 0.0933815
0.480441 0.895702 0.0469608
9.4497e-05 1.00002 7.2092e-05
0.330428 7.59356e-05 0.943834
0.485636 0.0658894 0.874164
0.993911 9.87411e-05 0.110191
0.252483 0.014332 0.967602
0.641432 0.773786 0.304143
0.519197 0.832451 0.495642
0.617806 0.0776787 0.786333
0.763682 0.0730639 0.645605
0.0979579 0.655325 0.756128
0.832132 8.11355e-05 0.554608
0.522035 0.0334592 0.852936
0.868466 9.49609e-05 0.495918
0.806432 0.190657 0.591333
0.0896171 0.935795 0.37236
0.496253 9.82839e-05 0.868179
0.22029 0.688068 0.754648
0.786324 7.8427e-05 0.617832
0.114354 0.0223442 0.99344
0.195429 9.83841e-05 0.980733
0.906185 0.0745986 0.422887
0.841192 0.059015 0.540807
0.928491 0.0725002 0.371365
0.507019 0.13158 0.861943
0.799969 0.073365 0.600061
0.301016 0.0184847 0.953626
0.356024 0.036952 0.934478
6.91402e-06 9.55207e-05 1
0.980716 5.80199e-05 0.1955
0.943892 0.105943 0.330285
0.755195 8.82664e-05 0.655599
0.656131 0.000101198 0.754648
0.446262 4.82018e-05 0.89494
0.466081 0.00536481 0.884763
0.0709889 6.67307e-05 0.997503
0.70717 9.68237e-05 0.707062
0.151761 8.58214e-05 0.988476
0.883885 0.0286749 0.467713
0.94651 0.359061 0.0328051
0.874094 0.0307741 0.48577
0.400765 0.0139832 0.916181
0.591392 0.0175951 0.806391
0.973142 8.87992e-05 0.230242
0.640192 0.0231321 0.76825
0.939832 9.92253e-05 0.341801
0.535867 0.651927 0.541104
0.780849 0.0236571 0.624764
0.936352 8.92421e-05 0.351101
0.450475 0.895652 0.366584
0.112393 0.935879 0.355646
0.957891 7.32489e-05 0.28715
0.967628 0.0152171 0.252399
1 8.37948e-05 3.53596e-05
0.990026 6.87076e-05 0.140946
0.0391367 0.25243 0.975693
0.540811 0.0742964 0.841145
0.0526663 0.655344 0.765136
0.861954 0.102567 0.507009
0.99748 0.00010666 0.0711036
