0.299528 0.667464 0.700054
0.157999 0.000121432 0.987472
0.0974981 35.669 0.0949718
0.651212 0.751351 0.2217
0.94371 9.17721e-05 0.330789
0.677404 0.0236316 0.735614
0.522968 0.856477 0.0423565
0.0556856 0.83299 0.587496
0.433798 0.483936 0.843934
0.640287 0.173811 0.768137
0.993435 0.0266943 0.114417
0.934497 0.0193945 0.355994
0.380312 0.000121338 0.924876
0.40081 0.0434784 0.916178
0.514508 0.0188289 0.857604
0.793445 0.00011505 0.608684
0.156114 0.850392 0.551456
0.51181 0.895235 0.166981
0.518889 1.75293 0.00122371
0.62777 0.789385 0.274346
0.609562 0.000109425 0.792755
0.988988 7.16043e-05 0.147994
0.688195 0.504908 0.630543
0.143843 0.520982 0.898399
0.0300267 0.973443 0.321076
0.315987 0.0397048 0.948764
0.528455 0.873482 0.00053543
0.91997 0.463346 0.0410014
0.800061 0.019094 0.599924
0.131325 0.468555 0.92948
0.140205 0.993522 0.0211914
0.529938 9.79027e-05 0.848045
0.100487 1.25554 0.120796
0.894432 8.07125e-05 0.447204
0.114013 0.593884 0.898417
0.203837 0.0275147 0.979066
0.0895572 0.833249 0.555747
0.706389 7.16495e-05 0.707824
0.517587 0.856874 0.0500285
0.970191 0.000115626 0.2424
0.624774 0.0476927 0.780807
0.599835 0.0287348 0.800154
0.874121 0.0210973 0.48571
0.76337 0.196737 0.645963
0.140363 0.947137 0.328855
0.485683 0.0400413 0.87423
0.5806 0.000123721 0.814195
1 0.000123868 4.06184e-05
0.17408 0.460214 0.8984
0.925313 9.3652e-05 0.379219
0.104743 1.0888 0.0392781
0.841186 0.0964476 0.54075
0.920608 0.396339 0.154959
0.554221 9.08795e-05 0.832433
0.755428 7.99949e-05 0.655243
0.687215 0.537143 0.625598
0.356215 0.0236384 0.934405
0.906295 0.0436564 0.422647
0.884017 0.033129 0.467457
0.4453 0.355622 0.838791
0.980681 0.000103047 0.195669
0.548514 1.91955 0.000519918
0.997492 0.000124029 0.0707925
0.919757 0.437393 0.0922217
0.287254 9.10546e-05 0.957883
0.0429796 0.947152 0.354933
0.147886 0.394415 0.95612
0.0542658 0.854596 0.578095
0.654164 0.000121569 0.756397
0.330354 0.000147382 0.943905
0.590807 0.709303 0.452249
0.865395 0.000125023 0.501133
0.0483612 0.257058 0.985262
0.579966 0.70784 0.508143
0.1077 0.994319 0.0362795
0.813727 0.0420333 0.58125
0.831981 0.000104026 0.554859
0.824054 0.144456 0.566533
0.669673 0.709533 0.428891
9.77713e-05 0.000113627 1
0.916156 0.0432209 0.400827
0.263704 0.446145 0.898399
0.73465 0.922953 0.00032905
0.278425 0.670703 0.698634
0.963429 0.000114799 0.268009
0.0833696 0.208082 0.985262
0.0997775 2.23981 0.0702654
0.566503 0.0549639 0.82406
0.425822 0.0304092 0.904807
0.50078 7.5484e-05 0.865619
0.953637 0.0289251 0.300977
0.444921 9.6671e-05 0.895571
0.110271 7.83789e-05 0.993962
0.102181 0.668865 0.898416
0.853184 0.0395556 0.52161
0.780866 0.0447085 0.6247
0.185306 0.284223 0.956125
0.242214 0.000123953 0.970305
0.73468 0.044169 0.678416
0.465747 0.0388268 0.884921
