0.954492 0.0372131 0.298305
0.0691288 8.81543e-05 0.997631
0.993207 0.0306002 0.116451
0.299931 0.988451 0.142102
0.841173 0.0161147 0.540777
0.0924987 0.854058 0.549057
0.406162 0.0256882 0.913804
0.103202 0.988453 0.384224
0.759796 9.77625e-05 0.65019
0.380645 0.000148157 0.924813
0.624619 0.0268076 0.780999
8.61239e-05 6.92681e-05 1.00005
9.62665e-05 1.00005 8.82674e-05
0.978994 0.0268681 0.203959
0.148957 0.854978 0.521447
0.75299 0.660092 0.0492871
0.286203 0.000121388 0.958219
0.792396 0.000152018 0.610102
0.706883 0.00015799 0.70736
0.906173 0.0295995 0.422924
0.0905851 0.380574 0.957226
0.853336 0.0217977 0.521371
0.8064 0.0791423 0.591378
0.98859 0.000100804 0.150637
0.229074 0.000121388 0.973442
0.983176 7.18088e-05 0.182672
0.752082 0.666461 0.0798587
0.585421 0.820977 0.0101502
0.0816695 0.478132 0.882734
0.566498 0.0376749 0.824073
0.655748 0.000100802 0.754983
0.780787 0.0245582 0.624815
0.437951 0.674648 0.737699
0.465702 0.0182903 0.884943
0.434629 0.872311 0.329055
0.15098 0.000121388 0.988648
0.445976 0.612191 0.730063
0.921827 0.000148557 0.387665
0.456757 0.893211 0.285185
0.501031 0.000147316 0.865492
0.540757 0.0873677 0.841188
0.462578 0.635365 0.704069
1 7.18094e-05 1.53821e-05
0.865584 0.000121388 0.501103
0.936416 0.0214117 0.351196
0.0469607 0.478132 0.922163
0.252379 0.0253137 0.967662
0.120769 0.988453 0.168099
0.745092 0.482178 0.532292
0.874178 0.0525978 0.485614
0.986758 0.0390686 0.162293
0.948726 0.0544945 0.316174
0.896888 0.000120867 0.44531
0.600124 8.82739e-05 0.799938
0.0521365 0.854282 0.572314
0.577124 0.0433533 0.816657
0.11463 0.0375209 0.993411
0.640198 0.0249366 0.768226
0.330204 0.104119 0.943915
0.398163 0.397649 0.854592
0.571267 0.832803 0.217432
0.960342 0.000121388 0.279425
0.809735 0.655961 0.10849
0.609716 0.0198103 0.792638
0.389739 0.415864 0.854598
0.102704 0.319531 0.957284
0.598368 0.818298 0.0848586
0.645944 0.155174 0.763398
0.442197 0.000120858 0.89767
0.967703 0.0338265 0.252138
0.739893 0.0394636 0.672728
0.857493 0.0769085 0.5145
0.571835 0.870464 0.0381035
0.884798 0.042599 0.465978
0.732803 0.0304646 0.68047
0.0422388 0.517919 0.877588
0.591337 0.0242494 0.806434
0.425447 0.0171786 0.904988
0.745184 0.491364 0.467938
0.832124 0.00016107 0.554634
0.995191 0.000121388 0.0979867
0.82416 0.0978837 0.566393
0.928615 0.0801011 0.371049
0.514529 0.214087 0.857477
0.521556 0.0443593 0.853274
0.362472 0.0625491 0.931997
0.816976 0.000148206 0.576727
0.678373 0.0139033 0.734773
0.341209 8.82237e-05 0.940054
0.0502079 0.908061 0.520001
0.582221 0.817667 0.312733
0.943463 0.000147499 0.331553
0.916302 0.000114528 0.400563
0.485852 0.00931193 0.874055
0.672794 0.381827 0.739847
0.554076 0.000152018 0.832549
0.973386 0.000121853 0.229198
0.997276 0.0231366 0.0737673
0.31616 0.0850795 0.948723
0.194064 0.000127492 0.981084
