0.0855646 1.71263 0.45986
0.341357 8.65856e-05 0.939981
0.287425 2.52166e-05 0.957812
0.425779 0.0439115 0.90483
0.0610235 0.317504 0.957941
0.0423762 0.69221 0.79759
0.944329 0.000102446 0.329031
0.581177 0.119944 0.813786
0.884268 6.7413e-05 0.466981
0.936468 0.0189492 0.350868
0.141124 3.58503 0.250599
0.680607 0.0407995 0.732683
0.868348 0.000102252 0.495985
0.841134 0.0472555 0.540859
0.894712 8.7879e-05 0.44668
0.654464 0.000104544 0.756103
0.640213 0.117157 0.768209
0.512599 0.689879 0.57084
1 8.77026e-05 7.00917e-05
0.822665 6.74294e-05 0.568528
0.149409 0.988882 3.19481e-05
0.983018 0.30926 0.0403071
0.954484 0.038687 0.298289
0.982251 0.264253 0.0797449
6.62965e-05 9.21873e-05 1.00002
0.568627 0.0332387 0.822602
0.501855 0.742516 0.575857
0.914059 0.000102312 0.405617
0.028932 0.710722 0.721706
0.445476 9.4535e-05 0.895308
0.768206 0.272707 0.640241
0.505198 6.62009e-05 0.863062
0.962273 8.79179e-05 0.272131
0.853233 0.00825694 0.521536
0.521379 0.0360822 0.853419
0.316182 0.0339939 0.948738
0.251487 0.0154055 0.967861
0.595094 0.814317 0.128689
0.392047 0.410151 0.849769
0.195506 0.000100738 0.980728
0.973375 9.7557e-05 0.22929
0.576661 0.853401 0.0460001
0.732687 0.0473227 0.680577
0.465782 0.0454983 0.884911
0.142616 1.5065 0.136218
0.978966 0.0261202 0.204124
0.794024 6.72895e-05 0.607888
0.240092 5.24797e-05 0.97077
0.0414722 0.390488 0.957803
0.607414 0.814459 0.0420918
0.861977 0.0150225 0.507044
0.706686 8.74873e-05 0.707571
0.755801 6.62982e-05 0.654851
0.112345 0.92691 0.368002
0.145656 1.09213 0.0312603
0.599946 0.021035 0.800047
0.400106 0.622848 0.741486
0.485721 0.0329851 0.874132
0.832396 6.22413e-05 0.554214
0.588216 0.823501 0.0120238
0.356017 0.524604 0.8498
0.385596 0.000101149 0.922681
0.800047 0.0601396 0.599951
0.114467 0.0341438 0.993433
0.305411 0.638659 0.724938
0.143625 1.14338 0.0450112
0.780906 0.0237526 0.624699
0.607597 0.740915 0.351175
0.994192 0.000102738 0.10765
0.987452 8.79331e-05 0.157927
0.874221 0.0295519 0.485607
0.919384 9.21646e-05 0.39337
0.553898 8.39386e-05 0.832611
0.651762 0.722429 0.397546
0.542088 0.689038 0.542574
0.0937966 0.926899 0.37449
0.624952 0.0245264 0.780671
0.0859548 2.04362 0.451745
0.599379 0.731303 0.366723
0.928538 0.0916439 0.371351
0.786143 0.248124 0.618129
0.0892725 0.692356 0.747269
0.906184 0.0099215 0.422896
0.0678037 9.15058e-05 0.997718
0.0983761 0.932628 0.370422
0.400977 0.0162783 0.91609
0.535093 0.843369 0.201827
0.676223 0.721815 0.38174
0.13539 25.9434 0.120173
0.152596 6.19874e-05 0.988293
0.672824 0.0276528 0.739807
0.948837 0.0383184 0.31584
0.540755 0.0879966 0.841188
0.502014 0.806946 0.549228
0.739932 6.70625e-05 0.672719
0.813763 0.147587 0.581203
0.534952 0.856216 0.160537
0.362352 0.0310076 0.932078
0.610317 0.000101044 0.792158
0.96768 0.0418323 0.252205
