0.412237 1.47366 1.50796e-05
0.372325 0.546261 0.848407
0.265231 0.450077 0.904113
8.61109e-05 7.44934e-05 1.00028
0.533453 0.0839156 0.869355
9.2825e-05 0.259115 1.00019
0.161662 0.96795 0.240686
0.845149 0.559375 0.000142695
0.444455 0.338918 0.906845
0.40583 0.96338 0.0829947
0.401725 1.77826 0.141469
0.693689 0.764292 0.149566
0.634139 0.509409 0.743178
0.639981 0.801682 0.206032
0.00209226 1.1649 1
0.488605 0.0952441 0.91825
0.37955 0.859959 0.491356
0.422811 1.00241 6.6924e-07
0.411269 1.80308 4.65413e-06
0.146544 0.546261 0.850838
0.409567 0.912526 0.0365484
0.418377 1.19405 3.47192e-05
0.838312 0.782847 4.94863e-05
0.420852 0.729223 0.605138
0.841269 0.560875 0.000101346
0.774316 0.527285 0.456931
0.270408 0.864764 0.488348
0.643018 0.77042 0.295049
0.777659 0.526701 0.387479
0.40492 1.0129 0.0987428
0.999403 0.0732627 0.0265782
0.398098 0.63028 0.795721
0.0984908 0.637993 0.782553
0.156113 0.959237 0.449223
0.553211 0.599617 0.743101
0.160424 0.989678 0.240614
0.151402 0.990883 0.240735
0.509323 0.261116 0.907045
0.999408 0.0355692 0.0270828
0.407439 0.914734 0.045883
0.429322 0.00270701 1.00005
0.832689 0.553976 0.000313656
0.151971 0.977219 0.338023
0.19521 0.854422 0.582427
0.599772 0.918 3.92033e-06
1.41147 0.0856112 0.00150424
0.0761403 0.119572 0.994892
0.46444 0.103696 0.930593
0.640811 0.790291 0.104171
0.851334 0.549284 0.0173838
0.138464 1.7623 0.281671
0.109649 0.633377 0.782995
0.674082 0.76416 0.216856
0.474478 0.925287 2.59637e-06
0.470014 0.71637 0.643019
0.840476 0.570165 4.91836e-05
0.199544 0.855884 0.528487
0.350331 0.716694 0.642111
0.525934 0.510995 0.743239
0.640263 0.79529 0.148599
0.237397 0.244037 0.970476
10.2204 0.0234344 0.0225142
0.405045 0.401457 0.906902
0.848749 0.54921 0.0833722
0.537079 0.91214 0.0372546
0.0211578 0.0317605 1
0.185944 0.468233 0.892459
0.182405 0.959311 0.287353
0.354948 0.71637 0.670306
0.656476 0.764341 0.19592
0.0364253 0.649047 0.782943
0.401592 1.91178 0.0747059
0.49135 0.540729 0.743239
0.138609 1.3876 0.279277
0.218435 0.855884 0.50531
0.832122 0.557482 0.143331
0.0437886 0.256091 0.970494
0.0274669 0.707606 0.782545
0.401523 3.31042 0.0971311
0.405159 1.05998 0.0397356
0.775255 0.71086 0.450387
0.00117158 0.829522 1.00007
0.640355 0.822225 0.102294
0.178627 0.881195 0.683699
0.404078 1.19719 0.0128654
0.138609 1.47918 0.274434
0.748723 0.777164 0.109043
0.469123 0.911987 0.0935779
0.138926 1.0724 0.436208
0.8323 0.568508 0.034985
0.483366 0.725726 0.604987
0.465424 0.928234 3.87771e-06
0.139064 1.04639 0.291055
0.423899 0.978715 7.54487e-05
0.640872 0.804772 0.0384669
0.0238243 0.547964 0.837658
0.424352 0.912006 0.287717
0.286804 0.959237 0.252905
0.771392 0.533597 0.484509
0.831992 0.665875 0.101482
