0.904837 0.0120548 0.425759
0.50324 0.580371 0.68204
0.400953 0.0294913 0.916101
0.919005 0.000130626 0.394283
0.576917 0.0159813 0.816822
0.640233 0.105104 0.76819
0.446193 0.910486 0.0500014
0.129302 0.90203 0.458229
0.957872 9.50527e-05 0.287218
0.212018 0.0753198 0.977272
0.86874 0.000112795 0.495286
0.350842 0.0423879 0.936442
0.412504 0.914563 0.0407451
0.879371 0.516821 0.0108267
0.81588 0.0173401 0.578278
0.0847698 1.66202 0.516027
0.613036 0.877959 0.108555
0.167772 1.01462 0.175008
0.739922 0.326815 0.672698
0.207977 0.885542 0.470707
0.853202 0.0335077 0.521593
0.540809 0.0335747 0.841154
0.468716 0.579014 0.698693
0.73272 0.0286703 0.680553
0.0977153 0.885928 0.490142
0.4658 0.0362738 0.884904
0.707254 9.41288e-05 0.707002
0.780274 0.0450661 0.625463
0.161081 29.0164 0.129095
0.824011 0.1537 0.56658
0.0946168 0.610338 0.797701
0.768224 0.0677529 0.640192
0.241105 0.000110824 0.970537
0.491582 0.877711 0.218182
0.394578 0.495308 0.790515
0.301068 0.0297168 0.953629
0.529954 0.154331 0.848034
0.514508 0.0343557 0.857535
0.332704 9.54611e-05 0.943113
0.506959 0.877833 0.148133
0.795077 0.000103806 0.606558
0.726599 0.693436 0.224064
0.800004 0.0465381 0.600032
0.653413 9.37283e-05 0.757054
0.727468 0.678409 0.263899
0.316088 0.0790657 0.94873
0.755935 0.000101847 0.654703
0.050476 0.676386 0.792029
0.387465 0.000111195 0.921889
0.100938 0.3352 0.9541
0.167099 1.28217 0.0430239
0.624708 0.0205147 0.780891
7.40788e-05 0.0289401 1
0.591422 0.0450904 0.806432
0.0501547 0.613239 0.810132
0.0472653 0.370853 0.954087
0.964843 0.0622636 0.262847
0.443561 9.15901e-05 0.896261
0.948728 0.0844005 0.316191
0.88735 0.472852 0.0538878
0.0856757 0.210071 0.988124
0.806451 0.142178 0.591306
0.371005 0.0415971 0.928633
0.274537 0.000137407 0.961676
0.913827 0.0444371 0.406225
0.891539 0.487545 0.0234426
0.156177 0.0368458 0.987733
0.67838 0.0446855 0.73475
0.185371 0.000130154 0.982762
0.499324 9.27338e-05 0.866429
0.476688 0.878315 0.367004
0.173645 0.984897 0.000144735
0.168215 1.01045 0.0840589
0.884897 0.038949 0.465889
0.162988 4.13353 0.13739
0.608963 0.000103361 0.79322
0.105677 0.96175 0.454748
0.924658 0.0179875 0.380801
0.943477 0.00010147 0.331443
0.832283 0.00010152 0.554358
0.997481 9.36144e-05 0.0709632
0.554533 0.000122178 0.832235
0.861781 0.000110055 0.507309
9.84072e-05 8.54406e-05 1.00014
0.988997 9.54687e-05 0.148029
0.786342 0.0647017 0.617794
0.16582 1.90403 0.23361
0.485795 0.0354185 0.874083
0.841161 0.043395 0.540831
0.970544 9.50551e-05 0.240933
1 0.000101377 6.52023e-05
0.936386 0.000132733 0.350995
0.110127 9.20279e-05 0.993925
0.422865 0.074827 0.906193
0.894423 9.50226e-05 0.447238
0.874132 0.0123572 0.485692
0.976196 0.0956222 0.216936
0.992944 0.0609464 0.118608
0.163921 0.62105 0.792047
0.980733 9.4756e-05 0.195391
