0.520608 0.911345 0.251086
0.686118 0.374745 0.725272
0.68567 0.622209 0.439887
0.21697 0.681147 0.729951
0.264623 0.396553 0.900727
0.348249 0.525776 0.829965
0.21296 0.553254 0.851906
0.0736422 0.940411 0.356995
0.520581 0.866785 0.316213
0.999139 0.0431304 4.0761e-05
0.14454 0.288904 0.971101
0.156218 0.353045 0.943951
0.623593 0.347005 0.754454
0.413147 0.810098 0.535427
0.411089 0.773922 0.537463
0.272248 7.48174 0.262419
1.05446 0.0381517 0.0155906
0.999037 0.066204 0.0190785
0.746891 0.7602 0.0244292
0.426112 0.209516 0.971163
0.846987 0.593942 0.509535
0.61608 0.39277 0.739531
0.429695 0.774606 0.523584
0.319864 0.672812 0.722051
0.671899 0.793962 0.174509
0.734909 0.737713 0.145584
0.688408 0.620736 0.431308
0.360911 0.957937 0.0385239
0.252258 0.859774 0.515026
1.00006 0.0379238 0.0632779
0.779588 0.737871 0.0505655
0.306534 0.958056 0.0441277
0.672315 0.878328 0.0522109
0.906742 0.594145 0.457035
0.385655 0.833978 0.554306
0.272998 0.144465 0.984139
0.521378 0.841402 0.204
0.624678 0.839856 0.284151
0.274239 1.284 0.0469766
0.0500617 0.889591 0.510903
0.616637 0.335444 0.862324
0.682684 0.740659 0.234274
0.215889 0.69649 0.722005
0.274007 1.63572 0.0532228
0.671894 0.839555 0.0990408
0.829678 0.737449 0.0179417
0.0800648 0.941303 0.339038
0.543573 0.857915 0.16216
0.999301 0.0383594 0.0211263
0.509251 0.773773 0.565171
0.0378616 0.859675 0.584795
0.778353 0.737427 0.0739873
0.283438 1.003 0.00615157
0.523704 0.598627 0.720516
0.743488 0.595261 0.605808
0.225542 0.240437 0.971072
0.274788 1.08958 0.15508
0.274109 1.33015 0.0899379
0.134881 0.956209 0.335024
0.404331 0.496425 0.830911
0.532376 0.487759 0.720516
0.118175 0.666012 0.873123
0.272181 23.044 0.23972
0.673364 0.780291 0.114748
0.120334 0.62487 0.851865
0.15006 0.561781 0.851906
0.599408 0.839954 0.343763
0.668558 0.501336 0.7204
0.540614 0.913054 0.161373
0.805922 0.133236 0.984139
0.274387 1.25809 0.0790286
0.155121 0.363817 0.94222
0.284755 0.998154 0.00726792
0.842679 0.593017 0.663765
0.103275 1.12098 0.335124
0.0641399 0.940411 0.39727
0.999125 0.199283 7.62954e-06
0.0746265 1.57013 0.33499
0.672317 0.800416 0.100768
7.89734 0.0230312 0.019828
0.150734 0.859709 0.517519
0.025517 0.859719 0.530495
0.093796 0.940571 0.345409
0.686239 0.663816 0.424319
0.503603 0.373653 0.900241
0.692219 0.738466 0.152228
0.337435 0.378938 0.90036
0.417553 0.773982 0.534532
0.749612 0.686574 0.421836
0.284022 3.28792 0.00235968
0.29606 0.958075 0.094833
9.90761e-05 6.21889e-05 1
0.275362 1.03813 0.160812
0.0888646 0.375196 0.94222
0.0950377 1.27371 0.334979
0.561116 0.839775 0.36679
0.516745 0.589626 0.733358
0.271882 0.949233 0.335012
0.761342 0.593689 0.565275
0.730886 0.740599 0.0681513
