0.576683 0.031758 0.816972
0.60002 9.48151e-05 0.799988
0.260073 0.674259 0.716389
0.400914 0.0237827 0.91612
0.270419 0.674026 0.695723
0.964773 0.0299978 0.263094
0.987406 0.000117176 0.158207
0.794636 8.58338e-05 0.607128
0.200917 0.939853 0.30856
0.99389 9.09671e-05 0.110386
0.853034 0.0287497 0.521874
0.595207 0.727265 0.521472
0.496357 0.975262 0.0567955
1 0.00011746 7.10412e-05
0.203787 35.401 0.137983
0.73286 0.0424826 0.680391
0.654879 0.000123756 0.755741
0.114385 0.0368982 0.993437
0.167248 0.998257 0.383848
0.341474 0.000116397 0.939893
0.208241 1.08146 0.0786561
0.896258 0.000123553 0.443544
0.749696 0.651324 0.161855
0.874136 0.077322 0.485686
0.707064 6.04953e-05 0.70716
1.70575e-05 9.88614e-05 1
0.948719 0.0257131 0.316136
0.861929 0.0217859 0.507033
0.92848 0.0851016 0.371396
0.970183 8.6861e-05 0.242383
0.176723 1.19028 0.295751
0.254181 0.752561 0.809731
0.640248 0.335455 0.768169
0.218052 0.975528 0.0792714
0.425776 0.0337673 0.904832
0.680429 0.0225706 0.732823
0.816891 0.0432784 0.576809
0.95451 0.0400033 0.298192
0.445615 0.00010404 0.895236
0.672741 0.248439 0.739884
0.968131 0.262597 0.0713957
0.617838 0.0243162 0.786309
0.478651 0.742493 0.533687
0.739937 0.332043 0.67268
0.162144 1.1535 0.330197
0.380545 0.000113407 0.924763
0.362438 0.076541 0.932019
0.800059 0.0352007 0.599944
0.959243 0.000107671 0.282633
0.884833 0.000137826 0.465914
0.806366 0.15623 0.591449
0.0677484 0.000103827 0.997704
0.207378 1.62466 0.0675824
0.226946 1.00074 0.0495839
0.7682 0.188723 0.640211
0.31619 0.0399496 0.948724
0.755839 0.000132094 0.654863
0.780847 0.035762 0.624835
0.607406 9.95729e-05 0.794408
0.240579 0.940602 0.303235
0.841232 0.0717959 0.540791
0.978994 0.0315689 0.204003
0.921526 0.000116404 0.388319
0.997585 0.00011315 0.0694703
0.591393 0.0441577 0.806427
0.906201 0.0629955 0.422887
0.161378 1.18944 0.501717
0.566526 0.00014667 0.824062
0.147055 0.303828 0.969099
0.171775 0.942765 0.321632
0.483729 0.36387 0.857189
0.330171 0.0562552 0.943923
0.161545 1.70668 0.322886
0.0687343 0.429271 0.907582
0.19522 0.000100665 0.980763
0.824011 0.0495521 0.56658
0.971204 3.86793 0.00166773
0.301027 0.017374 0.95362
0.944004 8.60507e-05 0.329945
0.35738 0.984844 0.0495641
0.832737 0.000152451 0.553724
0.786325 0.133622 0.61782
0.242624 0.000115462 0.970152
0.500886 9.53333e-05 0.865516
0.968077 0.304013 0.0236188
0.485721 0.0494521 0.874116
0.263098 0.0325774 0.964772
0.161373 0.41507 0.907864
0.540706 0.0508058 0.841223
0.936367 0.000133133 0.351036
0.868405 8.5262e-05 0.495865
0.553984 8.41346e-05 0.832536
0.471595 0.775878 0.51789
0.465902 0.0134641 0.88486
0.151657 0.00013141 0.98845
0.287045 0.000124148 0.957962
0.521497 0.0367093 0.853265
0.916151 0.000145331 0.400852
0.0654897 0.59251 0.907582
0.624749 0.0402816 0.78083
