0.756492 0.000122756 0.654012
0.522318 0.000118684 0.852763
0.655113 0.00012579 0.755588
0.425771 0.0945256 0.904835
0.805011 0.518217 0.400908
0.970162 6.73258e-05 0.242491
0.465725 0.0319834 0.884997
0.0695339 9.56309e-05 0.99758
0.824055 0.0849488 0.566519
0.192935 0.977238 0.145341
0.624858 0.0309888 0.780879
0.339446 0.498904 0.853907
0.86839 9.5632e-05 0.495922
0.446177 0.000118326 0.894968
0.241962 0.000137022 0.970286
0.979031 0.0265166 0.203809
0.997291 0.0342021 0.0736354
0.274619 0.553685 0.859713
0.964828 0.0617532 0.262906
0.948905 0.0332181 0.315753
0.581225 0.127082 0.813765
0.800184 0.0393525 0.599804
0.885055 0.037264 0.465501
0.186305 0.974257 0.148752
1 0.000118701 9.24379e-05
0.52312 0.853267 0.0267271
0.860797 0.669491 0.33245
0.485641 0.025134 0.874165
0.0476635 0.431796 0.9406
0.934498 0.000118343 0.356009
0.400923 0.036625 0.916267
0.916206 0.0374365 0.400745
0.734921 6.73258e-05 0.678184
0.048917 0.467303 0.930427
0.634656 0.852043 0.0415358
0.680227 0.000139838 0.733029
0.888255 0.470879 0.0439247
0.841188 0.0277008 0.540751
0.148546 0.000112095 0.988927
0.813924 0.03373 0.580977
0.984096 0.000118336 0.177654
0.904948 0.0341117 0.425538
0.107396 0.365037 0.943894
0.79313 9.60202e-05 0.609082
0.159207 0.894301 0.510829
0.254513 0.969599 0.0412004
0.833327 0.000118698 0.552795
0.483455 0.663049 0.627627
0.512465 0.917257 0.0806497
0.888026 0.463257 0.098465
0.609364 5.00453e-05 0.792892
0.861965 0.0177116 0.507096
0.183109 0.000118676 0.983107
0.465539 0.833366 0.668704
0.132245 1.0565 0.428331
0.925441 0.000144696 0.378967
0.809039 0.525823 0.346046
0.0251902 0.624486 0.797701
0.340759 0.000118675 0.940154
0.197914 0.974061 0.144051
0.277071 0.894592 0.441668
0.942749 0.000122756 0.333557
0.780753 0.0421829 0.624895
0.0460312 0.64303 0.78132
0.550815 0.000118685 0.834632
0.165455 4.83766 0.159511
0.362501 0.0730595 0.931985
0.64146 0.375563 0.692082
0.387995 0.00011868 0.921676
1.55211e-05 7.17609e-05 1
0.599981 0.0994178 0.800019
0.502449 5.0029e-05 0.864643
0.568261 0.0144293 0.822863
0.637498 0.47938 0.691867
0.768237 0.180291 0.640175
0.241842 1.0406 0.00616442
0.148936 0.902287 0.427637
0.99428 0.000118683 0.106814
0.516573 0.646835 0.628829
0.958126 5.05999e-05 0.286555
0.16111 12.6805 0.15955
0.645941 0.178401 0.763401
0.540567 6.73258e-05 0.841333
0.405234 0.481074 0.853907
0.708581 0.000122756 0.705634
0.853302 0.0316012 0.52145
0.287963 0.000118675 0.957653
0.988969 6.82156e-05 0.148158
0.173881 1.02877 0.164415
0.114386 0.0299634 0.993447
0.315956 0.0302791 0.948778
0.874151 0.0571299 0.485696
0.204 0.0130018 0.978988
0.170161 1.87647 0.309219
0.894504 0.000137154 0.447094
0.171544 1.0428 0.216944
0.503105 0.87902 0.216214
0.563289 1.11157 0.00010581
0.0855468 0.382122 0.930436
0.170182 2.11761 0.23646
