0.909243 0.421953 0.187665
0.964788 0.0843684 0.263071
0.624734 0.0331832 0.780911
0.800112 0.0683794 0.599863
0.400788 0.0360603 0.916179
0.706609 0.000168113 0.707625
0.360187 0.98557 0.14562
0.761445 0.669774 0.0471259
0.990019 0.000130802 0.140964
0.212718 0.590537 0.805537
0.0534111 0.541155 0.96368
0.0564268 0.675204 0.95674
1 6.15178e-05 5.92667e-06
0.884876 0.0286653 0.465888
0.68067 0.650252 0.410651
0.756391 0.000107586 0.654135
0.33136 0.916655 0.246724
0.333758 1.11829 0.225683
0.872164 0.000134158 0.489221
0.793298 0.00014299 0.608841
0.133724 2.36793 0.471349
0.853064 0.0454048 0.521815
0.493686 0.881834 0.0421525
0.351702 1.03842 0.192035
0.62258 0.625288 0.614716
0.909228 0.438507 0.138045
0.89473 0.000149696 0.446679
0.242435 8.82215e-05 0.970179
0.316211 0.0172543 0.948705
0.329812 0.920513 0.260829
0.948758 0.000106108 0.316017
0.918857 0.589313 0.113171
0.575367 0.698319 0.614716
0.489878 0.000109567 0.871825
0.475 0.899551 0.0463092
0.139935 0.594078 0.804235
3.14246e-05 0.000133925 1
0.0670058 0.357348 0.956735
0.328445 0.000100693 0.94453
0.934488 0.0333707 0.356015
0.59133 0.0250168 0.80643
0.249837 0.872375 0.47185
0.678349 0.0406784 0.734753
0.130994 1.246 0.764422
0.195352 0.000152825 0.980761
0.747522 0.670668 0.0306472
0.286993 0.000124793 0.957939
0.460522 1.01287 0.0513474
0.997529 0.000106476 0.0702685
0.553164 0.000106194 0.833086
0.107504 0.640792 0.804258
0.507035 0.0277616 0.861935
0.76817 0.134811 0.640258
0.32888 1.13156 0.321585
0.906203 0.0309619 0.422868
0.970206 0.000146128 0.242287
0.387563 0.000145507 0.92187
0.151429 0.872281 0.476793
0.351129 0.0277589 0.936337
0.135009 1.10074 0.471534
0.741061 0.736679 0.11102
0.862065 0.146156 0.50681
0.566576 0.101001 0.82402
0.113907 0.0162396 0.993494
0.734862 0.042401 0.67823
0.371416 0.0536143 0.92848
0.0737226 9.07392e-05 0.997294
0.151525 9.97953e-05 0.988463
0.608771 0.000166758 0.793365
0.32731 8.84339 0.309271
0.554307 1.91034 0.00179409
0.691982 0.82541 0.388375
0.465761 0.0340531 0.884921
0.549903 0.57841 0.685778
0.985221 0.00010597 0.171302
0.979066 0.0397034 0.203545
0.548879 0.592455 0.649994
0.461671 0.921633 0.045986
0.832541 0.000105305 0.555217
0.841154 0.00423638 0.540823
0.640198 0.214127 0.768219
0.422945 0.0672271 0.906178
0.154996 0.942861 0.471349
0.994004 0.000136223 0.109349
0.540722 0.0977075 0.841213
0.924703 0.0756984 0.380693
0.957725 0.000148984 0.287749
0.521084 0.044586 0.853513
0.94396 0.000126496 0.330083
0.132273 1.04866 0.792313
0.116522 0.300822 0.956741
0.576719 0.0213623 0.816966
0.44771 0.00016435 0.894192
0.780802 0.0405216 0.624791
0.919212 0.000150414 0.39379
0.813767 0.045302 0.581286
0.68067 0.637183 0.435711
0.653668 0.000117262 0.756789
0.824069 0.0531398 0.566513
0.102728 1.58888 0.816839
