0.559181 0.531948 0.746038
0.488185 0.56559 0.746039
0.339508 0.533857 0.817385
0.000850427 0.654391 1.00001
0.718521 0.641937 0.592153
1.67585 0.155306 0.259569
0.869176 0.515012 0.187533
0.857809 0.490046 0.427313
0.47436 0.864836 0.345272
0.0954575 0.601855 0.807928
0.957955 0.165711 0.279232
0.0921257 0.930052 0.371311
1.1632 0.142195 0.569726
0.852138 0.511339 0.300322
1.2421 0.139377 0.539326
0.991021 0.0877183 0.923865
0.0929482 0.763769 0.652031
0.52317 0.863131 0.0999905
1.5096 0.203454 0.221001
1.44525 0.271984 0.213113
0.855741 0.494143 0.778105
0.957383 0.307474 0.297307
0.254345 0.440573 0.896521
0.342568 0.691371 0.648877
3.4956 0.379061 0.146648
0.000141145 0.000103586 1.0001
0.787881 0.862751 0.0344913
0.637022 0.509977 0.787685
0.502934 0.112331 0.923845
1.24596 0.500005 0.167913
0.499142 0.934962 0.0282788
1.45422 0.600563 0.163084
0.965245 0.215759 0.226485
0.0490137 0.796077 0.648677
0.903675 0.486501 0.328135
0.872797 0.490392 0.188783
0.851801 0.602335 0.206406
0.606967 0.672677 0.535363
0.0377512 0.608609 0.808401
0.503999 0.863899 0.000103497
1.20263 0.161513 0.267746
0.452646 0.1023 0.924309
1.64709 0.547021 0.163115
1.19158 0.13981 0.6478
1.13799 0.0842936 0.924434
1.43237 0.139377 0.404997
0.403076 0.135077 0.924862
0.24809 1.20714 0.111228
0.501545 0.885115 3.55165e-05
1.42496 0.140508 0.342149
0.0441207 0.589414 0.826204
0.606439 0.645393 0.583013
0.608177 0.713185 0.530982
0.957627 0.16765 0.352673
2.98317 0.145339 0.281968
2.8793 0.149781 0.150005
0.468241 0.801037 0.449908
0.958721 0.161452 0.305258
0.95729 0.267889 0.437222
0.0226124 0.761153 0.671306
0.961902 0.159607 0.34251
0.0409998 0.994235 0.111495
0.691358 0.423277 0.903867
2.52213 0.134947 0.379338
0.0307078 0.934025 0.372957
0.961833 0.169082 0.227362
1.91549 0.152007 0.152754
0.475254 0.80022 0.489012
0.383446 0.191211 0.924005
0.57239 0.522218 0.746038
1.32574 0.862643 0.0414756
0.469733 0.426816 0.89686
0.0996576 40.4856 0.11121
0.480617 0.850071 0.267154
0.462354 0.80068 0.576621
0.908311 0.489961 0.18365
0.029719 0.237214 0.976353
0.851619 0.555092 0.278545
0.182564 0.593478 0.808271
0.903937 0.493644 0.171195
0.762338 0.849764 0.251149
0.146073 1.25462 0.111228
0.85166 0.738819 0.177756
0.884964 0.490205 0.176898
0.0207023 0.929992 0.415657
0.525455 0.863326 0.0422217
0.646234 0.517261 0.751892
3.06169 0.134739 0.412124
0.0696548 1.40593 0.11123
0.0984035 0.221474 0.97675
0.199518 0.447131 0.897081
1.47305 0.41777 0.212618
0.0324937 0.0172718 1
0.0360059 0.993794 0.112151
0.351902 0.534212 0.810426
0.957863 0.25204 0.245927
0.737444 0.804782 0.421607
0.497188 1.53145 0.0154267
1.53361 0.34409 0.212499
0.851327 0.523222 0.387058
