0.566474 0.120815 0.824081
0.680287 0.0283521 0.732957
0.864414 0.000126534 0.502784
0.959418 0.290197 0.0101208
0.521544 0.0413512 0.853233
0.259183 0.969788 0.0704015
4.10443e-05 8.373e-05 1
0.50344 0.822484 0.408012
0.6402 0.0937697 0.768219
0.301065 0.0232089 0.953623
0.824057 0.116199 0.566539
0.146464 8.08222e-05 0.989218
0.241695 0.000114928 0.970362
0.737921 0.68502 0.0317703
0.0623889 1.28652 0.356381
0.235821 0.996584 0.0575635
0.707017 9.55518e-05 0.707202
0.957573 9.02114e-05 0.288194
0.355371 0.412161 0.851833
0.62471 0.0380516 0.780859
0.140053 0.851676 0.532615
0.928519 0.0263826 0.371303
0.356019 0.0122891 0.934503
0.427136 0.612672 0.746804
0.884032 0.014331 0.467438
0.0957621 0.720392 0.74554
0.320315 0.63324 0.746705
0.195916 8.64148e-05 0.980628
0.537155 0.806866 0.414921
0.106636 0.521987 0.906031
0.987521 8.6931e-05 0.157582
0.554657 0.000114255 0.832103
0.780783 8.71416e-05 0.624806
0.874122 0.078592 0.48575
0.328919 0.000101402 0.944413
0.0539919 0.670366 0.763097
0.0205314 0.847466 0.547597
0.584633 0.616486 0.663039
0.67223 0.78444 0.135003
0.656471 0.000112197 0.754372
0.979038 0.0368931 0.203755
0.677195 0.739026 0.240136
0.853252 0.0400703 0.521503
0.8 0.0201629 0.600002
0.791917 0.000145445 0.610706
0.236126 1.00655 0.0328462
0.948763 0.0257267 0.315994
0.814082 0.0227711 0.58077
0.476266 0.800106 0.470306
0.508902 0.687044 0.685719
0.906194 0.0403893 0.422869
0.132027 0.670635 0.757529
0.994149 0.000110037 0.108024
0.041854 0.438352 0.921212
0.452491 0.79924 0.57794
0.0623297 1.41621 0.312848
0.673035 0.813935 0.0952617
0.400885 0.0240756 0.916133
0.755767 0.000100252 0.654864
0.447822 8.82097e-05 0.894138
0.918804 0.000107988 0.394742
0.425734 0.0495392 0.904848
0.0630764 1.51826 0.258207
0.540855 0.0201959 0.841146
0.841205 0.0482964 0.540768
0.250232 0.970224 0.0388359
0.103251 0.975347 0.22119
0.114182 7.84832e-05 0.993462
0.209987 0.448703 0.909261
0.580896 0.0384099 0.813986
0.0491491 0.950614 0.532627
0.50704 0.113741 0.861934
0.070757 7.97234e-05 0.997495
0.169327 20.8572 0.210686
0.23519 1.68668 0.0696555
0.67272 0.0805353 0.739903
0.732794 0.0191247 0.680466
0.0842359 0.975347 0.23604
0.487456 0.000152584 0.873253
0.609386 0.000115381 0.792881
0.675041 0.878388 0.0547169
0.894428 7.35817e-05 0.447268
0.381217 0.000134138 0.92451
0.6 0.0183946 0.800024
0.0851049 0.396805 0.921318
0.045739 0.669416 0.775513
0.739953 0.115579 0.672689
0.475561 0.892177 0.407664
0.8314 0.00010989 0.555681
0.939767 0.000104916 0.341821
0.768233 0.0173211 0.640179
0.973136 1.16734 0.00292231
1 6.96066e-05 4.0236e-05
0.0665326 1.04467 0.21315
0.465742 0.0200989 0.884945
0.970119 6.95088e-05 0.242638
0.268021 0.000112237 0.963425
0.0757611 1.00051 0.210874
0.69485 0.739435 0.153905
0.0802769 0.846335 0.539106
