0.316242 0.0113257 0.948681
0.64595 0.13859 0.763389
0.385866 0.000149508 0.922603
0.123902 1.60597 0.145739
0.806432 0.147287 0.591379
0.444715 0.000146513 0.895714
0.350967 0.0141194 0.93639
0.921872 0.00011135 0.387519
0.945928 0.363944 0.034387
0.989015 0.000113102 0.147918
0.997457 0.000104146 0.0712721
0.906279 0.000290455 0.422736
0.341486 0.000108061 0.939951
0.163156 0.803655 0.601434
0.216943 0.596581 0.778357
0.88484 0.038067 0.465937
0.594663 0.809193 0.28648
0.874128 0.0878782 0.485703
0.566529 0.135846 0.82406
0.410426 0.912951 0.0300249
0.800029 0.0334056 0.600015
0.607949 0.00011403 0.793988
0.540741 0.0735677 0.841192
0.970145 0.000119754 0.242605
0.301128 0.0225532 0.95363
0.693846 0.811106 0.223711
0.768208 0.220862 0.640202
0.222271 0.617556 0.776381
0.404315 1.10847 0.0196669
0.826668 0.443848 0.435643
0.939942 0.356921 0.163521
0.816858 0.000109655 0.576853
0.755414 0.000109029 0.655263
0.939744 0.00010538 0.341982
0.273575 0.000145223 0.961867
0.217093 0.852625 0.573957
4.20954e-05 0.000112723 1
0.0698315 0.000129825 0.997562
0.0279544 0.979423 0.298862
0.832067 0.000107623 0.554771
0.814504 0.571604 0.288392
0.0931117 0.378151 0.942177
0.848023 0.0138873 0.530008
0.187179 8.81579e-05 0.982333
0.407661 0.91692 0.0408352
0.608791 0.470221 0.649536
0.624709 0.0164514 0.780869
0.805259 0.620765 0.181889
0.37138 0.0393037 0.92851
0.592118 0.729291 0.485461
0.95774 0.000115017 0.287644
0.242435 0.000102096 0.97018
0.0115198 0.989284 0.154745
0.576658 0.0270287 0.816987
0.824051 0.1144 0.566527
0.42284 0.0433943 0.906205
0.668383 0.729177 0.41585
0.109769 0.000104376 0.993961
0.0542177 0.979485 0.258622
0.155532 0.347925 0.942177
0.982333 0.000120094 0.187198
0.794406 9.70996e-05 0.607401
0.465897 0.0359297 0.884843
0.865499 4.93758e-05 0.501024
0.507064 0.13939 0.861936
0.99342 0.011967 0.114604
0.0480635 1.15828 0.146065
0.170363 0.979421 0.241306
0.806681 0.667003 0.167707
0.678262 0.0339056 0.734843
0.568682 0.730061 0.573072
0.857489 0.0258513 0.514511
0.964981 0.0215746 0.262336
0.93634 0.000104041 0.351104
0.170904 0.803796 0.580307
0.521605 0.0262402 0.853211
0.144688 0.989342 0.146736
0.400725 0.0442407 0.91623
0.591404 0.0228891 0.806391
0.821324 0.57185 0.218325
0.928604 0.0450352 0.371088
0.776101 0.0444075 0.630612
0.84116 0.0463055 0.540828
0.554691 9.14393e-05 0.832067
0.0593678 0.469166 0.942177
0.94872 0.000100375 0.316131
0.147724 7.93245e-05 0.989042
0.894751 0.000107655 0.446583
0.212427 0.0796805 0.977179
0.617845 0.255456 0.786323
0.939415 0.368884 0.0261974
0.161568 0.808253 0.624742
0.490395 0.000104801 0.871508
1 0.000118214 9.30118e-05
0.654871 0.000114802 0.755755
0.707216 9.43379e-05 0.707017
0.7863 0.0664176 0.617848
0.977224 0.0781411 0.212254
0.73475 0.00687544 0.678349
0.916161 0.0317554 0.400828
