0.815649 0.585668 0.0913094
0.974029 9.3571e-05 0.22643
0.654898 0.000125382 0.755749
0.916164 0.0211693 0.400859
0.792617 4.1608e-05 0.609738
0.985249 9.39155e-05 0.171151
0.15556 0.465673 0.922082
0.53683 0.503085 0.715815
0.174942 1.05804 0.000121686
0.678295 9.04992e-05 0.734821
0.936275 0.023698 0.351273
0.943689 8.18259e-05 0.330868
0.196243 5.86284e-05 0.98056
0.813719 0.0167667 0.581274
0.616996 0.097562 0.786985
0.86192 0.136034 0.507049
0.30116 0.0330931 0.953646
0.485675 0.0764333 0.874172
0.591338 0.145006 0.806427
0.273749 0.000122998 0.961847
0.521594 0.022556 0.853202
0.114311 0.0373091 0.99345
0.502058 0.000122836 0.864931
0.853316 0.0363649 0.521423
0.948764 0.0420999 0.316121
0.146697 0.645116 0.797337
0.895205 7.92364e-05 0.445683
0.906152 6.66905e-05 0.422964
0.213833 0.40331 0.920376
0.874157 0.0150642 0.485671
0.832194 0.000100895 0.555084
0.989071 0.00010407 0.147451
0.541393 0.830782 0.438428
0.604048 8.42027e-05 0.796994
0.524415 0.696543 0.569651
0.181564 0.649666 0.763894
0.957963 0.000125393 0.28695
0.967629 0.0231692 0.25243
0.824063 0.106955 0.566514
0.921939 7.92413e-05 0.387337
0.452342 0.748572 0.561603
0.356095 0.0205347 0.934476
0.119378 12.3261 0.116566
0.4009 0.034049 0.916128
0.568147 0.869589 0.373215
8.39863e-05 0.000103586 1.00005
0.76823 0.299169 0.640192
0.868986 8.41317e-05 0.494852
0.624661 0.0368855 0.780901
0.576803 0.0423529 0.816904
0.993931 8.05509e-05 0.110037
0.461961 0.696817 0.577141
0.780936 7.27716e-05 0.624615
0.146648 0.667741 0.77668
0.177364 0.900176 0.408695
0.119913 1.13569 0.222837
0.708013 0.000101435 0.706217
0.593526 0.832293 0.31846
0.422912 0.051502 0.906181
0.800083 0.0655572 0.599931
0.332436 0.000116217 0.943146
0.446104 6.41579e-05 0.894991
0.739917 0.0336333 0.672701
0.626687 0.830668 0.310842
0.841215 0.0173182 0.540701
0.242037 7.84168e-05 0.970272
0.119663 1.24035 0.141889
0.680912 0.797811 0.107885
0.465848 0.032089 0.884866
0.732969 0.03725 0.68035
0.222446 0.628984 0.767683
0.963544 0.119597 0.267642
0.075559 1.28912 0.920299
0.758167 0.000104048 0.652081
1 9.50343e-05 8.94157e-05
0.126695 0.99298 0.0852543
0.379841 7.6267e-05 0.925112
0.884876 0.000129396 0.465848
0.679358 0.835038 0.0461978
0.686828 0.733142 0.119135
0.830103 0.585388 0.0411271
0.540669 0.0788724 0.841273
0.724998 0.729144 0.172022
0.152897 0.990016 0.0276776
0.119295 2.59611 0.45765
0.645976 0.0312284 0.763361
0.611206 0.489853 0.719684
0.555717 0.000111729 0.831431
0.164983 0.731816 0.766814
0.808257 0.622329 0.0440276
0.0708886 0.000110291 0.997571
0.997512 9.09146e-05 0.0705245
0.979027 0.0300607 0.203734
0.928487 0.0143842 0.371381
0.145149 9.58327e-05 0.989429
0.0994803 0.514703 0.920302
0.136762 1.13132 0.0215134
0.120145 1.28532 0.0548104
0.121961 1.04348 0.53029
0.165245 0.900332 0.420253
