0.891322 0.45976 0.150098
0.683423 0.74452 0.186308
0.465939 0.0271667 0.884854
0.358418 0.444252 0.848624
0.96477 0.0337395 0.263102
0.141454 6.53769e-05 0.989958
0.644298 0.757302 0.258464
0.671708 0.745199 0.205531
0.794022 9.26495e-05 0.607963
0.977195 0.0409403 0.212348
0.786288 0.0237555 0.617872
0.193053 9.42431e-05 0.98119
0.980795 0.000116546 0.195209
0.119153 0.0678036 0.992878
0.85286 0.0250631 0.52214
0.262959 0.0163056 0.964821
0.868482 0.000138975 0.495759
0.739947 0.022041 0.672666
0.824008 0.106109 0.566589
0.931987 0.00502309 0.362498
0.48537 0.0342606 0.874319
0.707129 0.000127107 0.707123
0.732859 0.0343381 0.680421
0.768236 0.130686 0.640179
0.301045 0.000117542 0.953637
0.0281421 14.9211 0.0285062
0.993928 9.95133e-05 0.110084
0.645978 0.16671 0.763357
0.446345 9.68705e-05 0.894909
0.566561 0.121133 0.82402
0.425692 0.0664338 0.904869
0.540782 0.0748505 0.841163
0.904855 0.0541021 0.425747
0.591355 0.0246952 0.806417
2.11145e-06 8.12043e-05 1
0.997475 7.17516e-05 0.0710257
0.355917 0.0222482 0.934518
0.529847 0.100927 0.848093
0.841166 0.057563 0.540778
0.486566 0.885363 0.0398301
0.601888 0.678152 0.660567
0.141109 0.727322 0.688641
0.60805 0.000105676 0.793971
0.66168 0.64202 0.658756
0.989005 7.11629e-05 0.147933
1 9.26899e-05 4.17948e-06
0.83216 6.92665e-05 0.55457
0.812631 0.745155 0.178992
0.480825 0.884913 0.0724101
0.883914 0.0167937 0.467664
0.680406 0.0216512 0.732849
0.514526 0.0420776 0.857497
0.321009 0.883583 0.515401
0.624873 0.041871 0.780728
0.0712062 0.000110939 0.997465
0.943905 0.0230849 0.330235
0.617835 0.020091 0.786309
0.59987 0.0830055 0.800111
0.171299 0.0244043 0.985222
0.644433 0.885476 0.00199345
0.891745 0.462571 0.0338563
0.285217 9.68127e-05 0.958465
0.87418 0.0557205 0.485609
0.806434 0.0150179 0.591327
0.57667 0.0296911 0.816981
0.221548 0.117725 0.975159
0.111448 0.719149 0.760071
0.894914 9.81207e-05 0.446241
0.316101 0.0297149 0.948761
0.776115 9.24888e-05 0.630592
0.554828 0.00011348 0.831973
0.970463 0.000124242 0.241552
0.242476 0.000108838 0.970162
0.799978 0.0697773 0.600184
0.400847 0.0243089 0.91615
0.501747 9.9523e-05 0.865051
0.643644 0.809954 0.227902
0.939847 8.8779e-05 0.341681
0.47208 0.88435 0.292108
0.757901 0.000117111 0.652383
0.340617 0.000123948 0.940209
0.861918 7.17578e-05 0.507049
0.656149 9.7072e-05 0.754675
0.672671 0.125449 0.739943
0.953601 0.0395872 0.301097
0.00262055 3.72344 0.255991
0.985229 0.0534178 0.171309
0.81681 0.00450184 0.576916
0.959439 8.84569e-05 0.281995
0.924735 0.000105733 0.3807
0.108116 0.818236 0.688299
0.0298305 0.999585 0.0356741
0.331539 0.853485 0.445446
0.380584 9.26899e-05 0.924759
0.0278673 0.34754 0.94634
0.64019 0.0396839 0.768217
0.174477 0.719016 0.71391
0.916143 0.0230368 0.400856
0.94884 0.0418707 0.315762
0.081057 0.331229 0.94634
