0.895264 7.5427e-05 0.445627
0.576974 0.0479535 0.816785
0.380778 0.12686 0.92467
0.507099 0.0319988 0.861917
0.944133 0.00011719 0.329592
0.824048 0.14111 0.566566
0.560844 0.487627 0.750606
0.762515 0.655519 0.178112
0.158505 0.00013037 0.987384
0.988383 0.000105021 0.152077
0.0664245 0.0337876 0.997796
0.425803 0.0147355 0.904872
0.494938 0.90021 0.297839
0.300994 0.042947 0.95368
0.841252 0.0578995 0.540695
0.768154 0.333537 0.640277
0.861909 0.0329438 0.507102
0.109387 8.26111e-05 0.994025
0.566955 0.763018 0.431047
0.242447 0.00011552 0.970188
0.550338 0.488367 0.756688
0.958024 0.000133165 0.286702
0.355927 0.0422478 0.934566
0.739869 0.185993 0.672779
0.579462 0.748967 0.390373
0.672696 0.221481 0.739946
0.277438 0.66036 0.748164
0.591337 0.0505942 0.806442
0.624819 0.0195534 0.780802
0.663144 0.789193 0.386129
0.214431 0.986564 0.0931887
0.367494 0.900335 0.449202
0.734473 0.0408819 0.678653
0.761817 0.668154 0.100668
0.973707 0.000127068 0.227832
0.832704 0.000131214 0.553763
0.123637 0.0543193 0.992331
0.384226 0.900229 0.387576
0.274254 0.000127323 0.961707
1 0.000120342 6.7111e-05
0.145951 0.193187 0.974587
0.465824 0.025929 0.884898
0.800063 0.000138104 0.599957
0.20327 1.00998 0.0906736
0.680321 0.0243776 0.733012
0.928526 0.0413672 0.371314
0.934546 0.0373505 0.355853
0.997601 0.000117465 0.0692692
0.932609 0.491688 0.0439002
0.609405 0.000126745 0.792906
0.919408 0.000140343 0.393314
0.220785 0.745376 0.748164
0.448543 0.903707 0.0357987
0.706946 0.000136157 0.707314
0.123869 2.0444 0.107714
0.126257 0.989325 0.218217
0.586842 0.725458 0.475958
0.20372 0.0163649 0.979119
0.948708 0.0402352 0.316193
0.125362 1.58683 0.1231
0.119072 2.44054 0.437296
0.980818 0.000145848 0.194966
0.553513 0.000101851 0.832916
0.872826 0.000134312 0.488074
0.122792 0.989324 0.571877
0.661594 0.726214 0.418834
0.906179 0.0945506 0.422915
0.119644 0.99991 0.259613
0.52176 0.0179403 0.853119
0.447013 9.07761e-05 0.894554
0.931666 0.41099 0.171795
0.436274 1.66371 0.000980717
0.756042 0.000120043 0.654588
0.655279 0.000135188 0.755427
0.645993 0.118305 0.763367
0.813966 0.0371663 0.580966
0.219384 0.634507 0.7564
0.765081 0.664202 0.0889746
0.884913 0.000131845 0.465773
0.423704 0.912519 0.0459878
0.199214 0.64655 0.825664
0.780824 0.0298147 0.62477
0.131766 1.01622 0.165717
0.394687 0.00013064 0.918862
0.967643 0.0381518 0.252374
0.490261 0.000102796 0.871654
0.143407 1.08452 0.0906754
0.853155 0.0425826 0.521674
0.792741 0.000123214 0.609604
0.118064 16.1985 0.116719
0.993431 0.000110941 0.114489
0.328679 9.36293e-05 0.944494
0.931948 0.43731 0.0972483
7.73433e-05 0.000101006 1
0.616868 1.01513 0.000712478
0.0900967 0.0431382 0.995938
0.540769 0.0773798 0.841178
0.155222 0.9865 0.126087
0.11965 1.27806 0.169167
0.298453 0.429262 0.880399
