0.624686 0.0192277 0.780882
0.678328 0.0405675 0.734782
1 0.000108857 4.29338e-05
0.568971 0.584877 0.722972
0.894336 6.97251e-05 0.447453
0.242369 8.19945e-05 0.970243
0.00263957 0.00269414 7.40369
0.672686 0.769206 0.012442
0.645966 0.0143205 0.763366
0.853033 0.0349779 0.521876
0.670998 0.721033 0.39614
0.635867 0.759415 0.332608
0.841195 0.0321265 0.540755
0.99392 6.71192e-05 0.1102
0.56974 0.478564 0.734653
0.0376131 0.971308 0.306937
0.861927 0.143339 0.507034
0.94797 0.31256 0.268636
0.406047 0.912804 0.137632
0.609811 0.000100529 0.792596
0.981461 6.38168e-05 0.191708
0.708197 0.000113077 0.706049
0.10156 1.08406 0.171767
0.776218 0.0204149 0.630466
0.124461 0.384778 0.925189
0.997279 0.0106157 0.0737257
0.520296 0.913544 0.103086
0.768223 0.0138349 0.640188
0.000126274 0.0240058 1
0.287603 0.488466 0.877859
0.799972 0.000102162 0.600054
0.989121 4.77374e-05 0.147155
0.735597 0.0397931 0.677429
0.92194 9.06942e-05 0.387392
0.341345 0.000102307 0.939988
0.976212 0.0788434 0.216852
0.0335946 0.000110929 0.999454
0.501322 7.97735e-05 0.865339
0.553541 0.000113386 0.832903
0.10354 0.647079 0.771273
0.151966 9.30834e-05 0.988427
0.708714 0.722092 0.360404
0.151791 0.634038 0.808614
0.108188 0.819071 0.702406
0.673273 2.39966 0.00286201
0.831863 0.000109005 0.555012
0.938175 0.0328597 0.346166
0.655079 0.000100609 0.755602
0.883833 0.000108764 0.467815
0.0410852 0.951189 0.344586
0.378806 0.458871 0.879369
0.906185 0.000102307 0.422896
0.953614 0.0137094 0.301037
0.1138 0.644118 0.769889
0.792658 6.72315e-05 0.609708
0.195617 7.80749e-05 0.980694
0.0809743 0.429505 0.925189
0.325391 1.06498 0.059452
0.928537 0.0591878 0.371345
0.108791 6.63871e-05 0.994108
0.693667 0.737747 0.0444404
0.485714 0.0562737 0.874118
0.591465 0.0771298 0.806335
0.584433 0.734789 0.600705
0.576712 0.0216206 0.816948
0.380524 0.000102306 0.924782
0.823881 0.0840556 0.566774
0.0875935 0.218503 0.975672
0.160572 0.716892 0.705747
0.970235 0.000102548 0.242943
0.540716 0.0553891 0.841208
0.484855 0.75163 0.54797
0.100921 8.32945 0.098186
0.485299 0.787375 0.510576
0.102099 1.09309 0.0979159
0.52165 0.000107025 0.853175
0.755949 4.77103e-05 0.654724
0.874108 0.000113224 0.485758
0.165951 0.739604 0.699003
0.961547 0.000113269 0.274728
0.400828 0.0351678 0.916164
0.425778 0.0369209 0.904842
0.0758036 0.951257 0.317615
0.813862 0.0307331 0.581062
0.687722 0.737029 0.146154
0.056055 0.579962 0.925189
0.916175 0.0223957 0.400821
0.205587 0.710551 0.709923
0.122637 0.992269 0.0685394
9.27438e-05 0.103899 1
0.44623 0.000110339 0.894947
0.116135 1.39453 0.0594513
0.316202 0.0291444 0.948702
0.985223 0.0970165 0.171325
0.285496 0.00011265 0.958404
0.293322 0.554128 0.865417
0.944458 0.000102656 0.328649
0.465787 0.0399529 0.884898
0.101304 1.5341 0.0992671
0.35601 0.0178499 0.934483
