0.984635 0.0984092 0.236838
0.0447867 0.101509 0.998867
0.0923203 0.373881 0.937673
0.153719 2.74967 0.333032
0.181113 1.54444 1.05393e-05
0.173545 1.89378 3.52129e-05
0.245138 0.291817 0.938644
0.564557 0.558606 0.810806
0.988081 0.0820297 0.16219
0.00107711 3.73032 1.00002
0.180827 0.720887 0.760146
0.986771 0.114758 0.157418
0.408683 0.933736 0.150714
0.757434 0.699505 0.115229
0.575361 0.701788 0.478382
0.761198 0.699704 0.0519225
1.18298 0.0625008 0.425253
0.673392 0.793243 0.105864
0.851218 0.569122 0.307968
0.155534 1.43669 0.2641
1.45102 0.0633751 0.241428
0.1825 0.99873 1.05393e-05
0.731666 0.700691 0.0682891
0.540616 0.277595 0.82405
10.715 0.0665852 0.0664998
0.565018 0.702085 0.56149
0.735211 0.700691 0.0404955
0.19054 0.669107 0.747826
1.3139 0.0639866 0.179414
0.248891 0.48553 0.857885
0.837173 0.482113 0.42168
1.10318 0.0674297 0.189917
0.837439 0.471274 0.331645
0.155577 1.31299 0.265357
0.399017 0.895116 0.402468
0.983838 0.12923 0.188128
0.708036 0.00290441 1.00265
0.983531 0.261191 0.197618
0.3304 0.937234 0.270512
0.840169 0.45163 0.46316
0.252878 0.835409 0.545565
0.1569 1.20313 0.0984352
0.993756 0.265013 0.0892201
0.000112744 0.438318 1.00123
1.00873 0.0812524 0.0305008
0.159862 1.11749 0.316843
0.43857 0.81761 0.564873
1.20857 0.0643841 0.127346
0.917812 0.741231 0.000968088
0.681737 0.248572 0.823803
0.0241442 0.0265531 1
0.17278 0.985967 0.0419487
0.695697 0.738546 0.134718
0.670495 0.778479 0.239211
0.988112 0.26089 0.13763
1.7811 0.0674496 0.0673563
0.183253 0.839133 0.611412
0.165097 1.35545 0.0473073
0.984022 0.154399 0.183171
0.518943 0.34025 0.8255
0.997038 0.114112 0.0275502
0.362778 0.933736 0.187626
0.439792 0.54641 0.816375
0.216933 0.639752 0.777564
0.0792852 0.0311242 0.998111
1.36278 0.0624559 0.269105
0.332625 0.936549 0.146648
0.983648 0.114778 0.43001
0.634962 0.700182 0.448546
0.325282 0.662605 0.747652
0.357796 0.895099 0.446493
0.155762 1.09444 0.380956
0.206104 0.486652 0.879365
0.847128 0.451095 0.308755
1.29317 0.062292 0.49607
0.155577 1.63596 0.142069
0.15419 2.77496 0.128368
0.706117 0.247953 0.8238
0.183959 0.826366 0.650241
0.726176 0.700074 0.200749
0.681714 0.738628 0.196032
0.1569 1.14565 0.156145
0.062775 0.617108 0.937671
0.201341 0.294764 0.940762
0.000112744 0.000100542 1.00304
0.673392 0.784579 0.152184
0.15417 23.6676 0.13873
0.675658 0.884646 0.0396203
0.923282 0.737491 0.00164432
0.318195 0.898835 0.446769
0.216696 0.870598 0.545295
0.16669 0.999697 0.0672163
0.17452 0.984724 0.0399426
0.205468 0.495686 0.857597
1.11137 0.0639654 0.695253
0.334031 0.639859 0.767401
0.413062 0.895291 0.387018
0.993031 0.105703 0.108608
0.670661 0.831647 0.104086
0.325584 0.817617 0.574969
