0.986407 0.0409013 0.164327
0.633475 0.665896 0.41968
0.540732 0.0822027 0.841196
0.0379069 0.119394 0.997288
0.445448 0.000116246 0.895313
0.576712 9.74601e-05 0.81696
0.230496 0.985589 0.0437412
0.330418 0.443668 0.904319
0.874222 0.0234479 0.485578
0.231864 0.000119368 0.972753
0.98907 9.89865e-05 0.147498
0.30311 0.792526 0.577897
0.827688 0.442278 0.381329
0.245227 0.931992 0.285294
0.800038 0.0797191 0.599992
0.993915 0.000113496 0.11019
0.252407 0.0413921 0.967625
0.853189 6.68157e-05 0.521605
0.591366 0.0768622 0.80641
0.250443 0.439269 0.936902
0.29718 0.817479 0.583283
0.884916 0.0408868 0.465761
0.841166 0.0870002 0.540784
0.461412 0.895845 0.0320915
0.0998027 0.699443 0.715758
0.231537 0.935896 0.32854
0.973575 0.000116794 0.228386
0.904828 0.0747815 0.42578
0.754176 2.05892 0.00229467
0.645332 0.558052 0.683078
0.767364 0.656287 0.0369304
0.521603 0.0322968 0.853224
0.19601 0.000114603 0.980671
0.948695 0.0579518 0.316201
0.151516 3.71434e-05 0.988456
0.997306 0.0166479 0.0733583
0.400824 0.0306263 0.91616
0.894971 0.00012407 0.446135
0.0455947 0.700211 0.717598
0.26988 0.4728 0.913865
0.95452 0.00660617 0.298279
0.381987 0.000107257 0.924182
0.487557 0.895261 0.0268631
0.707133 0.000108919 0.707101
0.546698 0.509183 0.764037
0.758155 0.00012209 0.652092
3.29563e-06 0.000109153 1
0.153794 1.16466 0.157854
0.767095 0.646201 0.064803
0.980572 0.000111797 0.196164
0.170792 0.993895 0.0450795
0.316222 0.0153391 0.948688
0.83188 0.000110669 0.554975
0.916214 0.037033 0.4007
0.64598 0.186277 0.763363
0.78074 0.0460962 0.624856
0.163068 0.98609 0.0802233
0.718302 0.555214 0.662669
0.936324 0.0325391 0.351153
0.507019 0.0888449 0.861938
0.944273 0.000102733 0.329236
0.285805 0.000110671 0.958294
0.624714 0.0148386 0.780881
0.921683 0.00011656 0.387961
0.110093 0.000113627 0.99396
0.618603 0.686953 0.602364
0.813665 0.169291 0.581337
0.797543 0.637502 0.117047
0.734686 0.0124258 0.678421
0.503358 0.556617 0.763891
0.425766 0.0275807 0.904853
0.9041 0.637929 0.0497956
0.46685 0.000136586 0.884345
0.160915 0.99425 0.188701
0.959551 0.000142004 0.281569
0.151585 1.71572 0.150839
0.928569 0.000114535 0.371253
0.554221 9.35395e-05 0.832383
0.619173 0.720957 0.426099
0.147469 33.6957 0.137605
0.150851 3.68153 0.369054
0.96768 0.0150742 0.252263
0.792672 0.000110819 0.609769
0.822352 0.000123765 0.568986
0.768202 0.240414 0.64022
0.491262 0.000140003 0.871022
0.0931574 0.330157 0.964488
0.544297 0.496214 0.77386
0.15862 1.26986 0.0474056
0.3625 0.0220666 0.932
0.341587 0.00011325 0.939889
0.609643 7.81206e-05 0.792692
0.678208 0.0221828 0.734875
0.151428 1.43496 0.302707
0.825837 0.637681 0.101789
1 0.000116549 3.20384e-05
0.0268737 0.751365 0.714682
0.654947 0.000111513 0.755695
0.865389 0.000123905 0.501131
0.154952 1.10629 0.249574
