0.624681 0.0283869 0.780896
0.194677 9.30425e-05 0.980873
0.939911 0.000109518 0.341437
0.335738 0.255563 0.926842
0.325794 0.748697 0.682387
1 8.27419e-05 9.91706e-05
0.157443 0.0147019 0.98753
0.993935 6.19621e-05 0.110018
0.618619 0.776941 0.294311
0.768186 0.0342492 0.640233
0.507001 0.14987 0.861949
0.380747 0.458704 0.861871
0.465788 0.000119842 0.884983
0.916225 0.0205866 0.400748
0.924916 0.000118448 0.380233
0.36083 0.940277 0.0410892
0.932052 0.0576229 0.362349
0.638391 0.673894 0.446848
0.0577422 0.311252 0.952966
0.101486 25.3171 0.0892373
0.48583 0.000115816 0.874135
0.221588 0.0913827 0.975141
0.371377 0.033863 0.928574
0.813995 0.0414954 0.580879
0.953516 0.0302979 0.301381
0.0566852 0.993021 0.126654
0.208941 0.993524 0.00145057
0.853681 0.578826 0.0481125
0.699816 0.741479 0.250298
0.354715 0.784952 0.585973
0.554868 0.000104531 0.831957
0.707239 6.33505e-05 0.707018
0.047603 0.342439 0.95298
0.334271 0.748526 0.613578
0.981032 0.000113902 0.19389
0.800095 0.0771387 0.599892
0.14949 0.993513 0.00736566
0.425792 0.0413123 0.904835
0.395678 7.25673e-05 0.918433
0.331343 0.518787 0.858977
0.608955 7.69162e-05 0.793241
0.540806 0.0781584 0.841194
0.980497 0.25164 0.0864195
0.646009 0.211608 0.763339
0.943929 0.0436968 0.330156
0.884971 0.0338716 0.465718
0.00226689 1.24619 0.759154
0.000127352 0.0239558 1.34956
0.110976 1.00286 0.0313318
0.522016 0.0149164 0.852943
0.792572 0.000109974 0.609798
0.980453 0.328734 0.0389087
0.00113931 0.00129018 10.1517
0.108954 7.80633e-05 0.994112
0.246856 0.302598 0.952966
0.403016 0.764908 0.586013
0.89487 0.000114081 0.446353
0.0376281 0.675863 0.779874
0.864991 5.57478e-05 0.50183
0.824062 0.0234205 0.566543
0.987514 0.0248172 0.15761
0.853171 0.0226639 0.52164
0.340832 9.51395e-05 0.940178
0.906109 0.0159964 0.423056
0.591434 0.0177939 0.806369
0.602155 0.712433 0.464697
0.678438 0.0144936 0.734679
0.316178 0.079978 0.9487
0.975127 4.18492e-05 0.221663
0.841228 0.0217164 0.54073
0.65561 4.82338e-05 0.755142
0.446595 4.52573e-05 0.894794
0.0328126 9.59159e-05 0.999507
0.780611 0.0307878 0.625023
0.00513627 0.680602 0.742353
0.300526 0.546221 0.859267
0.854805 0.528039 0.141814
4.55868e-05 0.108566 1
0.959399 0.000114311 0.282075
0.739838 0.2821 0.672789
0.605242 0.674617 0.553005
0.755906 0.000111597 0.654689
0.0572592 0.992732 0.111779
0.576687 0.0315337 0.817027
0.0421426 0.93266 0.373155
0.0280935 0.728719 0.737089
0.73278 0.030129 0.680495
0.0468683 1.09565 0.359797
0.967672 0.0110285 0.25229
0.861611 0.538967 0.0307789
0.242356 9.59565e-05 0.97022
0.980433 0.214654 0.090768
0.10409 0.932643 0.366568
0.340062 0.940668 0.0442341
0.87415 0.0625601 0.485657
0.660026 0.667943 0.553112
0.831607 9.29391e-05 0.555438
0.287198 6.78226e-05 0.957877
0.540419 0.47052 0.712074
0.636555 0.741464 0.275477
