0.000408287 0.676154 0.746884
0.804424 0.65956 0.109687
0.00102211 2.25765 0.746643
1.19949 0.0801463 0.343487
0.815361 0.0577277 0.676061
1.36938 0.116952 0.235817
0.761262 0.0995991 0.88886
0.121727 4.24167 0.157483
0.788915 0.103524 0.670701
0.0813931 0.987535 0.168246
0.938425 0.230944 0.347398
0.972809 0.253738 0.0184909
2.11889 0.0788998 0.253313
0.972325 0.24799 0.246776
0.931485 0.0905035 0.368299
0.469264 0.901218 0.215974
0.951691 0.0913171 0.352617
0.580035 0.762807 0.349027
0.843743 0.537971 0.413003
1.21473 0.662519 0.00069112
0.887721 0.187795 0.479491
2.69831 0.212135 0.15378
0.00344786 0.678046 0.746584
0.883807 0.100257 0.487724
0.719625 0.619012 0.660349
0.0442235 0.407804 0.925994
0.887941 0.0555776 0.646614
0.822255 0.455462 0.571253
1.33564 0.13519 0.235679
1.2497 0.140532 0.242076
0.715669 0.391728 0.741829
0.759253 0.279555 0.736014
0.788508 0.235943 0.628442
0.856932 0.32213 0.514741
0.746114 0.783213 0.0183319
0.0733134 0.427659 0.913699
1.58101 0.0688926 0.258045
0.43797 0.899303 0.224939
0.366237 0.376429 0.90797
1.00234 1.11841 0.000727326
0.383849 0.176006 0.977731
0.267688 0.866096 0.490604
1.03287 0.0589649 0.425627
1.32695 0.114927 0.240029
15.3397 0.210352 0.20593
0.761262 0.160607 0.826484
5.83163 0.210818 0.183369
0.807667 0.0856347 0.618189
1.84729 0.222538 0.066734
0.870715 0.233347 0.490279
1.01015 0.227085 0.103354
1.03128 0.225592 0.0310771
0.820191 0.0547273 0.688559
0.94539 0.0674957 0.387792
0.753237 0.661215 0.0359216
1.11462 0.223673 0.255389
0.851985 0.0882934 0.524675
0.097313 0.240414 0.97299
1.73991 0.219879 0.190818
0.865741 0.107472 0.511537
0.77611 0.195082 0.649663
0.0448239 1.23679 0.157542
0.151337 0.406788 0.918267
0.0370951 0.456165 0.913699
0.275996 0.431993 0.907933
0.74945 0.662536 0.000986651
0.972308 0.270814 0.0434713
0.733455 0.600935 0.639581
0.298006 0.982835 0.0451482
0.0397668 0.987523 0.172671
0.210407 0.851183 0.509144
1.17993 0.223293 0.166525
0.398483 0.405895 0.833168
0.744637 0.741269 0.101722
7.04891e-05 0.000144771 1.0006
0.892021 0.479093 0.412254
0.781653 0.10479 0.722767
0.946058 0.127461 0.346664
0.168461 1.27811 0.0468294
1.3285 0.224468 0.052834
7.04891e-05 0.141209 1.00028
0.0509491 0.665381 0.769279
0.193646 0.983107 0.0106346
0.759108 0.243592 0.880051
0.821242 0.196059 0.583628
0.84368 0.466236 0.428337
0.176825 0.99328 0.0304673
0.598643 0.404659 0.739486
0.748 0.665726 0.132552
0.555601 0.485894 0.737496
0.788915 0.137417 0.640267
0.952534 0.311581 0.336788
0.458224 0.000110789 1.00025
1.29198 0.0600269 0.421659
0.524809 0.366398 0.907852
0.400561 0.857389 0.491067
0.123878 0.212891 0.97302
0.529227 0.901468 0.176825
0.0374021 0.0392144 0.999736
0.572968 0.762807 0.419402
