0.541113 0.0750654 0.84095
0.732781 9.39345e-05 0.680509
0.85331 0.000100805 0.521413
0.959678 9.16599e-05 0.281168
0.607424 9.39345e-05 0.794422
0.824016 0.0205848 0.566583
0.916176 0.0230177 0.400848
0.997274 0.0234403 0.0737999
0.78077 0.031462 0.624843
0.757033 9.62242e-05 0.653377
0.940357 9.98306e-05 0.340207
0.928508 0.0541357 0.371326
0.800017 0.0346195 0.599978
0.109141 15.6725 0.091988
0.967685 0.0395728 0.252185
0.569246 0.812539 0.342138
0.884938 0.0448876 0.465773
0.70878 0.627916 0.499036
0.816802 0.0200461 0.576934
0.943972 0.0633625 0.330066
0.793945 9.16597e-05 0.608033
0.954482 0.0258739 0.298324
0.203926 7.51717e-05 0.978988
0.500856 0.000100944 0.865532
0.566592 0.0969979 0.824009
0.329761 8.68721e-05 0.9441
0.465787 0.0385713 0.884898
0.989049 7.58912e-05 0.147601
0.591487 0.0950301 0.806342
0.13004 0.992372 0.0375889
0.624712 0.0261638 0.780887
0.425899 0.0426207 0.904772
0.806495 0.0999876 0.591246
1.20009e-10 0.000100805 1
0.485692 0.000146153 0.874152
0.400899 0.0423024 0.91616
0.577686 0.808429 0.334982
0.631493 0.650073 0.617481
0.680372 0.000112799 0.732961
0.24249 0.000100944 0.970178
0.786352 0.210541 0.617882
0.303801 0.715301 0.664396
0.982436 6.49697e-05 0.186666
0.825249 0.565923 0.0343447
0.672677 0.255572 0.739938
0.9735 9.14169e-05 0.228762
0.280391 1.10916 0.000763993
0.285856 8.61825e-05 0.958329
0.705849 9.2755e-05 0.7084
0.118095 1.02237 0.0367577
0.233495 0.71736 0.670004
0.655775 8.61837e-05 0.755016
0.116947 1.07239 0.0183405
0.823624 0.633425 0.0424344
0.0359252 0.103195 0.997132
0.529838 0.118202 0.848099
0.768171 0.116298 0.640256
0.380357 9.40273e-05 0.924912
0.551023 5.98972e-05 0.834505
0.0337009 0.92709 0.376053
0.0456714 1.12434 0.374986
0.739919 0.166157 0.672744
0.832438 7.85873e-05 0.554209
0.993885 7.85768e-05 0.110448
0.606901 0.811744 0.279516
0.576996 0.0230391 0.816757
0.861959 9.62242e-05 0.506985
0.0735532 0.443459 0.899788
0.869004 9.62242e-05 0.495505
0.35596 0.0127485 0.934505
0.617823 0.0893197 0.786317
0.394692 0.495706 0.792107
0.631791 0.662665 0.568621
0.262947 0.0145334 0.964816
0.186501 0.980212 0.150007
0.640172 0.150517 0.768248
0.948738 0.0350402 0.316143
0.873989 0.0881167 0.485969
0.895055 7.86301e-05 0.446034
1 9.77053e-05 2.57366e-05
0.514337 8.72194e-05 0.857632
0.447181 9.93477e-05 0.894444
0.375049 0.980255 0.10819
0.653824 0.729486 0.4686
0.84386 0.562684 0.0158482
0.660805 0.671813 0.468652
0.117413 1.01001 0.049433
0.841135 0.0441983 0.540843
0.178246 9.09601e-05 0.98408
0.906273 0.0601471 0.422711
0.219425 0.980213 0.114362
0.694542 0.808429 0.218225
0.316115 0.088158 0.948722
0.97899 0.0381963 0.203977
0.107804 0.000100805 0.994178
0.0394686 0.453937 0.899787
0.921646 5.73711e-05 0.388032
0.147465 8.13209e-05 0.989073
0.368143 0.515584 0.794159
0.936435 0.0290669 0.350895
