0.957956 0.000101002 0.286993
0.706367 9.18143e-05 0.707901
0.0444728 1.08877 0.276784
0.118714 0.71379 0.855149
0.993504 0.000101061 0.113874
0.967666 0.0306772 0.252325
0.230098 0.000136085 0.973168
0.659175 0.739807 0.260372
0.948717 0.0366639 0.316173
0.566636 0.146486 0.823975
0.196227 0.898366 0.436555
0.143346 0.902452 0.446974
0.489863 0.572527 0.692575
0.149243 0.538139 0.85515
0.655205 0.000136162 0.755481
0.241536 0.717729 0.673925
0.0445459 1.02711 0.31019
0.0548951 1.03517 0.163749
0.465866 0.0380684 0.884886
0.856471 0.512348 0.185336
0.422941 0.0553813 0.906158
0.904214 0.445679 0.0877293
0.833402 7.03535e-05 0.552698
0.841282 0.014927 0.540682
0.0483583 0.427769 0.945402
0.792432 6.91552e-05 0.609978
0.855546 0.562525 0.174914
0.230663 0.738183 0.673992
2.613e-07 0.000117159 1
0.884628 0.0436909 0.466349
0.758179 8.06685e-05 0.652063
0.514513 0.0322168 0.857491
0.554665 9.92029e-05 0.832122
0.605827 0.68505 0.555447
0.120627 0.89312 0.572616
0.640201 0.0226181 0.768224
0.607553 0.677924 0.590938
0.800066 0.0974829 0.599966
0.97299 0.000134809 0.230858
0.98063 0.000131996 0.195951
0.591422 0.016652 0.806363
0.853125 0.0470625 0.52172
0.487975 0.877047 0.0668239
0.51163 1.42875 0.000722636
0.739926 0.0726001 0.672689
0.605827 0.701928 0.493106
0.447087 0.000136097 0.89453
0.146044 3.27157 0.154096
0.6375 0.747794 0.288368
1 6.79982e-05 3.32035e-06
0.997275 6.91552e-05 0.0738295
0.38055 7.07282e-05 0.924775
0.483188 0.897403 0.166016
0.485823 0.0808867 0.874063
0.685049 0.750559 0.24933
0.252265 0.0140368 0.967687
0.114145 0.000102732 0.993497
0.732043 0.0356533 0.681259
0.623555 6.7265e-05 0.781783
0.904894 0.0318217 0.425642
0.34118 0.000124683 0.939999
0.904987 0.47328 0.0413496
0.192303 0.000101639 0.981386
0.939853 8.08185e-05 0.341755
0.473005 0.926169 0.0478666
0.780957 0.0314419 0.624603
0.498363 0.560112 0.692303
0.623435 0.785618 0.365196
0.81375 0.0228702 0.581262
0.988986 0.000100857 0.148034
0.0527806 0.986689 0.436796
0.0709833 0.000128659 0.997497
0.287678 0.000131996 0.957795
0.0453127 1.11614 0.172044
0.169334 0.341318 0.945403
0.916211 0.0389983 0.400724
0.517157 0.550261 0.692073
0.0767251 0.986686 0.155448
0.608456 0.000136233 0.793603
0.496575 0.000100005 0.868069
0.0605759 1.17894 0.154119
0.924664 0.000116457 0.380867
0.492445 2.13646 0.00100118
0.156903 0.0235972 0.987616
0.768232 0.128651 0.640172
0.470125 0.945233 0.0378264
0.678244 0.0462749 0.734837
0.316238 0.0811472 0.948753
0.865283 8.08916e-05 0.501302
0.243874 1.00334 0.154153
0.158123 0.893027 0.467023
0.143724 0.50704 0.859574
0.540838 0.0222809 0.841169
0.0549671 0.375681 0.945403
0.89535 9.57489e-05 0.445405
0.824053 0.0140751 0.56652
0.874169 0.0555567 0.485628
0.400935 0.0367005 0.916146
0.576684 0.0225598 0.816973
0.511453 0.877047 0.0476432
