0.443812 0.837962 0.348838
0.9975 0.00011817 0.070725
0.952951 0.31815 0.0904753
0.591369 0.101888 0.806427
0.95359 0.0229062 0.301137
0.160698 0.458544 0.912924
0.792738 0.000111748 0.609682
0.939586 0.000108876 0.342384
0.446773 9.66601e-05 0.894677
0.428874 0.866602 0.483152
0.780827 0.000127324 0.624752
0.0442207 1.06069 0.281103
0.0887502 0.623506 0.924927
0.195761 0.000100322 0.980657
0.878507 0.501723 0.0486244
0.799998 0.0169732 0.600049
0.0435379 0.99318 0.310358
0.0879701 0.988555 0.275806
0.732816 0.0231756 0.680455
0.263125 0.0494141 0.964765
0.522079 0.0401896 0.852898
0.287617 0.000113994 0.95775
0.861947 0.0873366 0.507016
0.465961 0.000109634 0.884806
0.252198 15.7473 0.275774
0.932035 0.0310156 0.362376
0.422896 0.0415374 0.906219
0.0680191 1.13457 0.275797
0.841181 9.70669e-05 0.540759
0.334008 1.1871 0.00973993
0.554959 0.000129864 0.831901
0.0709818 8.26438e-05 0.997479
0.961511 0.000125208 0.274778
0.980702 7.40373e-05 0.195512
0.624711 0.0320652 0.780864
0.303913 0.664341 0.694882
0.336613 0.946174 0.0915964
0.609984 0.000125204 0.792419
0.355949 0.040232 0.934511
0.806408 0.0170945 0.591385
0.832088 5.26881e-05 0.554646
0.501079 9.68626e-05 0.865457
0.216644 0.0840953 0.976254
0.565031 0.673216 0.499555
0.768261 0.383375 0.640137
0.90482 0.0506773 0.425813
0.953578 0.360836 0.0372679
0.600005 0.082366 0.800022
0.988446 0.000109871 0.151854
0.763562 0.278168 0.645735
0.604717 0.797362 0.0476877
0.894504 9.66802e-05 0.447243
0.816874 8.77103e-05 0.576816
0.105681 0.658489 0.912902
0.75662 0.000100482 0.653861
0.671499 0.703728 0.244978
0.853281 0.0184085 0.521452
0.24008 0.000146715 0.97076
1 0.000100155 6.47289e-05
0.232172 0.438461 0.915996
0.399023 1.02074 0.000435369
0.993413 0.0351932 0.114588
0.617252 0.495879 0.724326
0.150826 0.000129489 0.988571
0.343449 0.941525 0.0410588
0.309179 0.658406 0.694884
0.886114 0.473049 0.152648
0.0969527 0.142522 0.99019
0.329774 1.37634 0.0530264
0.566511 0.0830618 0.824057
0.329602 0.000127324 0.944122
0.0630374 0.960098 0.286005
0.924563 7.85217e-05 0.381162
0.913824 0.000127895 0.406139
0.351236 0.65216 0.748909
0.650687 0.00014601 0.759479
0.884832 0.0262072 0.465968
0.739937 8.31489e-05 0.672678
0.316049 0.0796995 0.948758
0.879681 0.489942 0.08757
0.948744 9.35955e-05 0.31617
0.338075 0.942013 0.0398637
2.84075e-06 0.000126247 1
0.048193 0.960097 0.367201
0.485666 0.0938788 0.874155
0.329879 1.0613 0.123071
0.459386 0.838018 0.343049
0.895175 0.475921 0.0326694
0.707231 9.12313e-05 0.707018
0.380726 0.067184 0.924693
0.394878 1.03493 0.00044364
0.887885 0.375571 0.320419
0.680281 0.014292 0.732989
0.970225 6.31148e-05 0.242428
0.392955 0.000145844 0.919658
0.576689 0.038132 0.816992
0.540822 0.0226649 0.841139
0.659284 0.414284 0.725339
0.871691 7.84829e-05 0.490064
0.824052 0.0394438 0.566532
