0.286758 0.00013605 0.958006
1 0.000112798 2.80452e-05
0.281122 0.676701 0.715134
0.980857 0.00011474 0.194826
0.340716 0.421051 0.875827
0.226529 0.714639 0.716745
8.24476e-05 1.00012 6.88866e-05
0.841202 0.0761306 0.540738
0.465744 0.0270266 0.884936
0.976235 0.125235 0.216793
0.739923 0.0756106 0.672702
0.894501 0.000151881 0.447173
0.770181 0.658843 0.0300002
0.816961 0.0313382 0.576704
0.970401 0.000120557 0.241518
0.993909 0.000107494 0.110298
0.824044 0.0842728 0.566556
0.986423 0.0115672 0.164241
0.497262 0.000139926 0.867613
0.356065 0.0308334 0.934478
0.806399 0.0233194 0.59138
0.0432176 0.448443 0.896947
0.884727 0.0207994 0.46611
0.860578 0.635032 0.0408346
0.630207 0.398376 0.715399
0.509597 0.820864 0.400191
0.964784 0.0242452 0.263114
0.607833 0.000104229 0.794144
0.251195 0.996368 0.321
0.507168 0.0924667 0.861858
0.772063 0.641251 0.281311
0.954512 0.0310078 0.298235
0.645955 0.0145639 0.76338
0.164517 0.269491 0.967296
0.330323 0.0329577 0.943871
0.680398 0.000143148 0.732855
0.624718 0.0270892 0.780889
0.61781 0.111927 0.786357
0.936392 0.00919632 0.350986
0.943874 0.0743903 0.330312
0.203837 0.0144188 0.979012
0.393 0.000104138 0.91956
0.228486 0.664397 0.805768
0.360576 0.919978 0.498628
0.521549 0.0239621 0.853222
0.108296 7.09917e-05 0.994151
0.959625 0.000120563 0.28129
0.425579 0.742947 0.540213
0.447112 9.3689e-05 0.89453
0.523347 0.817648 0.394016
0.948776 0.0354539 0.315971
0.026719 0.998257 0.0736677
0.171441 6.6248e-05 0.985264
0.380727 0.0447811 0.924706
0.913849 0.0407663 0.406146
0.656486 0.000157106 0.754362
0.795823 0.635311 0.0817197
0.55608 0.000147084 0.831169
0.312434 0.666952 0.715153
0.566533 0.154256 0.824041
0.780789 0.000118945 0.624833
0.768231 0.31149 0.640181
0.263151 0.0768022 0.964755
0.853257 0.0287535 0.521496
0.940114 9.36702e-05 0.340867
0.595179 0.817648 0.358294
0.800001 0.0643018 0.600037
0.861948 0.0288718 0.507011
0.792841 0.000151741 0.609459
0.11711 0.331318 0.966777
0.425779 0.090096 0.904844
0.482081 0.919017 0.211443
0.40609 0.0137711 0.913847
0.997288 9.72362e-05 0.0736638
0.869062 0.00014037 0.49477
0.833955 0.000124631 0.551882
0.411149 0.74322 0.541808
0.919212 0.00011505 0.393836
0.707069 0.000107229 0.707188
0.316133 0.0710617 0.948716
0.75593 0.000115094 0.654724
0.485759 0.0284125 0.874108
0.540944 0.0865317 0.84106
0.456153 0.402157 0.875474
0.591349 0.0840565 0.80642
0.341084 0.000146207 0.94004
0.874077 0.0853123 0.485796
0.037283 0.114191 0.996972
0.396042 0.918965 0.338933
0.576831 0.031821 0.816865
0.906184 0.0842379 0.422911
0.421352 0.919017 0.218596
0.60003 0.0958084 0.799988
0.989974 0.000118864 0.141259
0.14144 0.000123446 0.989948
0.240632 6.0661e-05 0.970679
0.928496 0.0508077 0.37139
0.367677 0.937406 0.452226
0.732884 0.0140297 0.680356
5.3535e-05 0.000103357 1
